70 138 2000 16000 80 10
1 0 7
2 1 2
3 2 5
4 3 2
5 4 5
6 4 5
7 5 9
8 6 5
9 7 8
10 8 4
11 9 9
12 9 3
13 10 6
14 11 4
15 12 6
16 12 7
17 13 7
18 15 9
19 15 7
20 16 7
21 16 7
22 17 3
23 18 8
24 21 2
25 21 3
26 20 9
27 23 2
28 22 8
29 23 9
30 26 2
31 27 9
32 26 2
33 29 7
34 27 8
35 29 3
36 31 8
37 29 9
38 30 8
39 32 7
40 35 9
41 34 7
42 33 9
43 34 8
44 35 6
45 36 2
46 38 6
47 40 5
48 40 5
49 43 4
50 42 6
51 42 9
52 43 6
53 45 7
54 44 5
55 45 9
56 46 8
57 46 5
58 47 9
59 49 5
60 51 9
61 53 6
62 50 2
63 55 4
64 54 4
65 57 5
66 58 2
67 59 4
68 60 4
69 59 4
1 0 8
2 1 3
3 2 6
4 3 5
5 3 3
6 5 6
7 6 8
8 6 7
9 7 4
10 8 4
11 8 8
12 10 4
13 10 2
14 11 2
15 12 3
16 13 8
17 15 2
18 14 5
19 16 8
20 17 9
21 17 9
22 19 9
23 20 5
24 20 8
25 20 9
26 22 6
27 23 5
28 22 9
29 24 6
30 26 4
31 27 4
32 27 7
33 27 7
34 27 7
35 31 9
36 32 3
37 30 3
38 33 5
39 31 5
40 35 7
41 36 7
42 35 6
43 38 5
44 39 7
45 40 3
46 39 5
47 41 2
48 40 6
49 43 2
50 43 4
51 45 4
52 43 9
53 46 5
54 48 7
55 46 3
56 48 4
57 49 6
58 51 4
59 48 3
60 50 9
61 52 8
62 55 4
63 51 9
64 57 6
65 57 4
66 56 8
67 59 6
68 57 5
69 57 8
16 63 1
24 8 1
62 54 1
41 68 1
44 45 1
11 1 1
18 37 7
68 47 1
64 58 1
41 18 1
9 19 1
0 50 1
52 29 1
49 64 1
64 62 72
13 64 1
69 51 1
30 47 2
61 55 23
13 9 1
54 17 1
3 22 1
43 28 38
47 45 1
38 13 1
27 22 1
64 28 1
19 1 1
18 13 1
1 14 1
2 36 1
37 13 36
36 45 1
62 1 1
69 54 1
42 4 1
58 57 1
26 24 1
35 6 54
67 19 18
64 1 7
40 41 1
65 69 1
6 18 1
40 45 1
66 42 1
1 51 1
42 28 1
56 40 1
18 16 1
6 27 1
30 7 14
13 64 1
20 12 31
1 53 1
61 13 48
66 19 1
27 28 33
31 62 22
22 44 1
32 49 1
8 3 1
35 15 1
50 3 1
6 39 1
44 27 1
56 69 35
50 66 1
61 26 1
3 60 1
24 20 1
66 23 1
1 12 1
65 10 1
4 3 1
43 45 1
54 20 75
32 66 34
57 26 71
58 40 30
53 16 54
61 33 1
39 44 1
49 0 1
47 44 1
10 47 1
47 63 26
27 37 14
40 9 1
42 62 1
35 45 60
51 62 1
61 64 62
14 61 1
30 5 1
4 12 1
38 2 12
18 26 1
4 44 1
39 57 26
51 69 20
52 27 1
67 1 1
11 19 1
22 28 38
11 8 1
31 54 1
39 37 1
69 63 1
31 51 1
4 22 23
45 6 31
14 38 1
47 4 1
57 62 1
39 51 1
63 20 1
9 55 1
61 47 1
63 11 1
59 3 44
50 19 1
12 36 1
23 17 1
21 60 65
27 9 1
35 49 1
51 3 5
23 16 1
55 11 52
24 65 9
9 69 1
26 33 1
34 64 1
13 68 4
36 54 30
33 36 1
56 13 1
65 41 31
26 44 1
35 59 1
21 23 33
54 25 1
49 36 26
69 4 1
50 41 70
24 41 48
55 13 36
2 41 1
18 16 1
17 44 55
35 21 1
8 24 1
23 6 1
28 15 80
16 14 9
23 38 1
3 31 1
58 35 1
14 60 1
35 51 1
17 58 7
57 45 1
20 63 1
68 35 1
21 48 62
32 12 1
38 7 1
40 47 1
40 6 1
57 16 13
40 43 1
3 20 54
33 62 1
54 5 59
51 10 1
65 31 1
4 56 1
66 17 1
0 24 75
46 20 50
1 60 20
69 47 9
50 35 49
32 1 26
30 19 1
46 59 1
26 61 1
62 69 1
43 44 1
50 9 1
67 16 1
16 39 1
56 14 1
4 43 14
69 9 1
32 58 1
60 21 1
34 4 1
43 21 12
51 14 1
2 4 1
39 33 1
11 35 1
41 3 1
3 60 1
57 45 1
30 6 1
33 16 1
24 30 1
36 48 1
7 40 37
55 43 1
7 19 15
51 10 1
62 42 16
5 53 1
47 21 1
17 29 1
29 27 1
27 26 40
59 12 1
27 62 1
62 1 1
35 17 1
28 55 25
33 13 2
40 61 1
19 68 1
21 44 1
60 16 1
45 44 1
24 61 2
66 28 30
37 8 9
4 48 1
48 59 1
14 41 1
48 53 1
51 38 1
57 48 1
25 21 4
44 21 1
30 16 1
68 28 1
37 59 1
16 54 1
56 34 1
62 37 1
54 37 1
5 9 1
32 43 1
29 3 1
63 58 1
27 39 1
20 67 75
14 0 1
5 56 52
50 26 1
42 39 1
20 19 1
26 11 1
38 41 2
64 21 30
58 57 1
33 21 1
25 40 51
39 3 1
49 46 1
24 53 1
52 49 1
47 28 1
23 28 1
11 24 1
41 21 70
60 29 9
47 37 1
17 22 1
32 48 1
3 41 43
64 4 1
65 4 1
68 34 1
60 2 13
4 69 1
5 27 1
43 4 26
48 33 1
66 24 1
42 0 1
15 48 1
9 42 63
42 29 1
28 32 40
20 7 1
41 48 1
33 3 1
19 7 61
56 18 1
1 3 1
25 16 1
18 40 1
42 60 1
63 6 42
61 47 1
56 6 1
64 25 1
19 30 1
16 66 1
62 24 1
21 61 39
60 59 1
31 62 1
11 18 1
36 63 1
43 13 1
28 55 1
26 59 1
48 37 1
13 54 1
33 8 44
11 5 1
31 27 44
47 60 1
52 50 1
42 12 8
44 2 1
30 20 75
0 15 1
27 69 43
34 37 4
45 24 1
30 31 1
9 27 80
58 51 78
27 8 1
58 41 1
12 27 1
58 1 1
54 37 77
2 6 1
36 27 1
47 44 1
16 39 1
64 65 1
58 13 1
30 17 28
54 27 79
44 32 78
43 4 1
63 29 44
51 9 1
38 35 1
45 20 1
20 62 1
49 50 1
48 4 1
20 18 1
52 68 1
10 69 50
51 32 1
48 28 1
1 0 1
26 65 1
62 41 1
67 11 11
31 23 64
4 43 10
41 7 40
32 31 1
8 28 1
19 3 20
46 41 1
4 54 1
14 55 1
53 46 1
63 39 1
51 26 1
59 32 1
18 39 1
23 63 1
62 37 1
34 60 1
57 9 1
26 10 1
26 7 1
4 64 1
23 46 1
16 39 57
56 41 1
34 21 32
10 48 1
34 57 1
54 47 1
10 37 1
20 58 1
25 15 1
61 54 1
16 60 1
36 17 1
4 60 27
35 45 1
66 62 1
39 53 1
18 38 30
15 9 10
25 52 1
63 17 1
61 63 1
9 62 44
34 54 1
11 26 33
13 29 71
65 37 1
55 0 1
4 61 42
47 53 1
10 20 1
10 16 1
41 54 74
12 55 1
64 35 1
40 63 1
11 20 1
32 37 1
60 69 1
19 34 1
59 15 1
35 50 44
45 22 24
59 27 1
64 58 1
59 62 1
63 18 1
12 1 1
27 1 1
16 21 53
21 63 7
15 30 1
22 29 1
11 50 1
23 9 1
19 64 63
19 50 1
67 31 1
57 7 1
8 18 1
10 16 1
7 44 1
37 55 1
33 44 21
28 8 1
49 52 1
55 26 1
43 15 1
17 7 1
21 69 1
23 52 1
45 9 54
11 0 1
4 53 1
33 57 1
36 11 1
30 56 1
52 1 1
9 0 1
40 33 1
46 48 1
12 3 1
35 26 1
4 61 9
25 32 1
34 50 1
43 47 1
68 19 1
26 10 1
64 30 1
30 38 32
69 41 10
61 17 1
66 50 1
21 35 1
4 5 1
13 60 46
9 13 1
16 30 4
2 43 1
2 67 1
61 22 1
3 42 1
31 17 1
31 68 64
67 18 1
29 42 1
14 42 1
65 23 1
25 58 1
0 29 1
25 64 1
45 44 1
68 48 63
14 36 1
63 0 1
1 13 19
55 44 1
56 52 1
33 24 1
3 57 1
17 37 1
17 51 1
13 68 1
62 34 1
68 53 1
27 0 1
18 22 1
59 62 1
65 3 1
14 35 1
31 22 1
32 33 1
18 57 56
9 2 1
28 58 1
42 46 41
60 46 1
48 17 1
46 32 1
53 8 1
18 34 1
37 39 1
69 10 1
57 0 1
2 0 66
10 14 5
41 17 1
14 57 47
65 39 14
10 57 1
62 26 1
2 66 1
36 14 1
20 52 16
8 35 1
36 24 39
34 36 1
58 57 1
69 23 1
13 16 1
66 10 1
14 0 1
63 13 1
43 64 1
56 34 1
12 45 1
24 62 1
4 27 79
33 12 1
18 13 1
55 69 1
51 1 1
56 57 73
46 27 1
39 54 1
67 23 1
21 31 70
18 60 1
14 53 1
15 6 14
66 67 1
21 14 16
27 62 1
50 61 1
10 39 9
7 68 1
6 11 1
49 11 1
46 0 1
58 56 75
58 45 1
3 1 40
28 37 1
27 16 1
36 67 1
62 34 1
43 23 1
69 58 1
40 14 1
59 45 1
35 30 1
50 22 1
15 10 11
27 56 1
33 22 1
66 6 1
56 33 42
13 61 1
29 24 1
59 63 1
2 67 1
69 44 41
59 44 1
23 60 1
4 62 56
18 35 80
16 13 1
23 68 1
39 40 1
43 66 13
37 67 74
66 50 1
44 15 1
15 31 1
33 6 1
68 66 1
5 38 1
39 46 1
55 12 1
55 65 1
62 10 1
59 66 1
15 63 1
17 2 1
46 13 1
16 50 31
14 9 1
42 41 1
31 47 1
54 23 1
1 36 1
54 47 1
38 68 1
50 47 1
45 44 1
60 46 1
55 21 1
62 52 1
8 29 1
58 40 1
8 3 1
52 29 1
48 30 1
56 36 1
8 39 1
64 63 1
37 63 1
20 62 1
17 13 1
8 49 1
15 2 1
61 14 46
47 61 1
24 49 1
53 33 1
23 25 1
41 36 1
62 2 1
19 16 25
22 43 1
51 23 1
33 13 1
4 34 1
51 35 1
30 19 1
28 48 58
51 41 1
0 39 1
65 6 1
40 6 1
29 49 1
12 56 1
22 52 21
11 28 1
7 50 1
59 62 56
4 39 1
1 55 13
54 59 1
58 56 1
13 35 1
50 18 1
19 64 1
49 46 1
4 15 1
63 39 19
65 24 1
2 38 1
9 32 1
18 64 1
45 9 1
64 24 1
53 30 1
48 19 1
67 41 1
31 19 1
53 3 1
60 41 1
21 62 46
34 18 1
58 38 1
4 34 36
53 16 1
53 66 1
15 36 1
57 46 22
8 19 1
69 3 1
30 10 1
29 44 1
5 2 1
4 1 1
64 36 1
11 8 1
22 25 1
37 27 1
16 8 45
14 30 48
42 50 1
49 58 1
2 1 1
10 28 1
9 25 48
59 13 1
6 34 1
18 23 1
20 19 1
68 28 1
0 61 1
40 38 1
43 49 1
15 10 43
52 56 1
41 20 48
6 48 1
38 58 1
66 3 1
69 9 1
53 26 31
66 38 1
0 36 1
11 5 1
62 23 1
68 57 1
16 39 50
20 1 1
17 44 1
51 3 1
58 0 1
46 66 38
43 22 1
20 35 1
37 15 1
24 46 20
65 35 48
30 21 20
11 1 1
59 15 78
58 51 57
8 2 1
51 65 1
64 55 45
21 62 1
42 47 1
64 46 1
60 57 1
42 52 1
58 40 1
7 25 51
66 44 54
44 69 16
1 36 1
17 22 1
30 48 1
37 33 1
2 37 1
10 5 1
66 67 1
50 20 1
48 2 30
34 8 1
49 33 43
54 47 1
61 69 1
29 38 1
4 65 1
61 16 1
48 65 1
48 25 1
55 28 77
12 50 1
28 27 30
59 57 1
53 49 1
41 10 2
38 9 1
31 10 1
32 67 1
1 58 1
59 22 1
44 46 1
67 5 45
55 11 1
4 36 1
65 67 59
0 42 76
55 13 41
20 22 1
55 54 1
30 37 1
62 27 20
45 33 1
43 35 1
16 20 1
35 68 1
30 16 1
20 30 1
54 2 1
62 60 1
13 40 25
25 1 1
61 25 1
38 19 1
56 11 1
67 31 1
11 21 1
65 36 47
49 39 1
57 18 1
66 8 1
45 8 1
36 63 1
42 69 1
33 39 1
6 61 1
38 59 3
56 36 1
8 56 56
3 25 7
59 11 1
54 37 1
14 5 53
57 7 1
46 64 1
27 15 1
53 43 1
6 27 49
14 3 1
21 42 4
39 49 1
14 17 48
60 32 3
5 51 9
33 5 1
55 48 1
13 18 1
45 63 1
25 1 41
42 6 1
24 18 78
5 27 1
45 66 1
32 16 1
64 11 1
38 21 30
28 38 1
2 48 1
3 17 7
22 58 54
53 61 1
24 50 1
55 63 1
17 34 1
8 54 1
11 14 47
51 41 78
34 37 12
26 53 66
37 63 1
22 14 1
4 17 57
0 49 1
61 47 1
30 21 1
46 63 1
61 69 1
52 63 1
2 61 1
39 14 1
38 18 1
39 3 1
14 42 1
29 28 65
9 28 1
22 61 6
7 14 1
12 41 15
69 62 1
41 53 1
61 57 1
36 58 1
26 67 21
18 53 1
47 14 20
40 1 1
34 39 1
13 50 1
52 40 1
2 51 1
40 32 1
7 69 1
64 5 1
60 46 1
57 65 1
24 26 1
1 14 1
18 6 22
47 24 1
56 15 1
12 23 1
6 66 1
37 48 34
50 32 39
43 34 17
3 66 1
11 45 1
19 52 1
16 20 1
55 63 10
63 3 1
62 41 1
22 47 1
2 20 10
5 68 1
68 51 13
51 56 1
33 65 36
40 54 1
27 23 68
50 38 4
38 17 1
61 57 1
66 34 1
18 43 1
27 7 1
69 18 1
69 54 61
61 3 1
48 27 1
19 36 1
40 28 1
14 54 1
53 51 1
17 15 1
69 68 1
13 34 1
67 57 1
66 17 1
24 56 46
20 15 1
27 2 25
25 42 1
1 30 1
56 26 1
8 43 1
60 69 1
67 21 64
41 14 65
26 36 1
59 15 39
20 5 1
17 50 1
60 43 1
30 56 1
61 67 1
47 14 17
1 41 1
18 33 1
41 32 1
20 16 1
10 27 1
63 4 1
55 22 1
2 26 7
9 26 1
19 55 1
2 63 1
59 51 1
45 2 1
65 15 41
16 33 1
6 26 14
5 37 1
51 21 1
61 45 1
65 23 1
34 61 1
60 67 1
21 25 1
50 38 1
31 63 1
30 7 1
37 21 1
48 41 1
35 45 2
68 55 1
8 52 27
15 53 1
23 54 1
47 21 1
51 38 1
15 29 1
63 5 1
2 24 1
4 58 1
25 44 1
65 68 1
17 38 46
34 22 1
47 1 1
0 27 41
21 22 21
45 40 16
59 65 1
63 32 75
22 6 1
63 41 1
41 44 1
29 44 1
55 4 1
53 12 32
63 21 1
64 37 1
60 54 1
37 56 15
18 3 22
40 33 1
45 30 1
45 14 75
11 49 1
26 64 33
40 54 31
69 28 1
30 64 45
11 64 1
7 42 1
43 28 1
22 18 1
69 61 1
61 63 1
30 58 46
29 22 56
41 42 1
42 6 1
42 29 1
30 62 1
18 63 1
6 3 1
0 27 1
64 59 1
51 5 39
4 34 26
11 57 1
13 37 55
40 53 8
47 33 1
56 25 51
46 44 1
46 47 1
55 3 1
6 45 1
17 3 1
62 65 1
23 31 1
47 33 27
49 47 1
59 0 1
43 60 1
9 21 1
36 38 1
37 31 1
17 12 1
12 5 1
5 57 1
10 59 1
69 35 1
49 43 1
56 3 1
37 55 1
7 1 1
42 61 1
39 47 12
50 3 78
21 34 1
31 58 1
13 40 27
17 67 12
7 65 1
21 23 1
0 57 1
27 22 1
5 8 1
57 0 1
41 56 80
37 44 1
31 27 1
27 11 1
51 52 1
38 52 1
7 45 50
3 39 1
55 28 1
43 19 16
52 13 1
27 35 1
2 13 1
48 2 1
65 41 16
68 1 1
49 20 21
14 34 24
2 61 1
17 59 25
50 38 1
59 35 1
11 20 1
35 34 27
22 64 1
52 0 1
26 35 1
26 60 1
41 49 1
6 37 1
26 4 1
2 40 1
9 50 1
57 62 1
14 39 53
8 29 1
18 5 1
39 40 1
33 15 1
46 25 1
25 31 1
10 55 1
14 32 32
5 21 1
57 49 1
34 53 20
26 21 1
46 31 1
33 1 1
11 10 1
53 25 14
49 37 1
20 12 42
44 31 1
36 15 1
30 22 1
53 2 1
41 8 1
38 33 28
35 37 1
33 36 1
19 39 1
24 67 17
42 33 1
57 37 1
48 69 30
34 29 1
33 47 1
15 8 3
59 45 1
56 7 1
52 7 1
7 14 1
55 1 50
31 41 58
8 26 13
39 8 1
15 61 1
59 16 1
11 20 1
18 61 1
7 48 1
10 36 39
63 33 29
68 24 69
39 38 8
68 37 38
23 31 1
52 46 1
14 61 1
1 33 58
32 47 1
2 22 39
41 6 1
53 17 1
22 39 1
34 49 60
10 47 1
49 30 1
40 15 1
13 1 1
11 26 1
33 22 1
4 19 1
23 50 57
38 33 1
65 5 44
25 19 36
30 6 1
19 49 1
64 56 70
13 69 1
37 0 1
67 50 1
12 1 1
30 60 1
43 57 14
42 59 1
4 40 1
58 52 1
43 41 1
11 10 1
64 37 1
50 64 1
42 38 1
40 20 75
60 68 70
62 56 1
16 41 51
18 44 1
25 55 1
48 69 1
32 9 1
62 26 37
33 31 59
4 56 78
15 52 1
36 57 1
50 46 1
64 54 6
0 54 1
44 30 1
22 50 1
62 41 1
47 28 1
39 6 1
62 38 1
62 29 5
38 68 49
41 64 1
57 22 65
16 54 1
9 37 47
53 31 57
10 32 42
57 8 22
44 6 1
59 64 60
0 68 1
30 44 1
44 65 40
24 60 14
63 45 1
25 15 1
65 10 1
24 14 1
43 64 75
32 68 2
23 67 1
56 23 5
3 6 1
57 63 1
15 3 41
34 19 1
9 40 6
45 14 1
8 25 1
29 69 1
6 23 1
13 7 16
65 57 7
37 22 1
68 67 1
1 59 1
53 4 53
44 24 1
57 25 8
60 42 2
58 55 1
12 21 1
36 45 1
49 20 1
30 27 80
31 53 1
56 62 1
48 20 1
47 63 1
50 69 1
64 35 34
28 24 1
11 53 1
5 32 1
46 57 1
44 0 1
63 51 1
45 55 35
58 39 69
52 67 1
22 36 1
67 18 2
17 9 1
61 31 1
54 1 1
31 33 64
4 46 1
27 67 1
63 66 1
9 35 1
6 11 1
46 10 1
27 4 1
64 34 1
61 7 1
35 11 78
8 0 1
65 8 1
65 19 1
17 54 1
32 34 1
51 33 1
6 37 30
46 52 1
53 65 1
55 47 57
46 52 19
13 24 1
0 67 52
24 50 65
43 22 20
68 16 1
14 19 1
27 9 31
40 23 1
47 8 1
69 39 29
13 49 1
40 18 1
41 50 1
46 24 1
44 63 62
2 43 1
32 40 59
53 28 1
4 53 1
0 58 1
39 28 80
32 21 1
24 47 47
19 12 18
16 22 1
14 44 1
46 63 1
55 15 1
33 4 1
60 39 1
22 8 1
51 20 43
14 41 1
51 52 1
57 9 1
12 58 18
69 66 1
62 15 1
50 27 1
2 63 1
30 8 75
23 54 1
64 6 1
36 0 1
24 41 63
1 19 1
42 20 1
45 16 1
0 41 1
54 27 1
68 46 1
18 39 1
57 3 1
3 24 1
39 52 1
1 35 80
10 59 1
40 65 71
54 53 63
54 57 26
66 27 1
41 66 1
20 45 1
66 32 1
6 48 1
22 40 40
41 29 46
9 27 12
13 20 32
32 54 4
67 15 1
36 19 1
18 57 1
67 47 1
40 59 1
45 58 1
38 26 1
33 37 1
25 60 1
14 20 1
44 7 76
47 67 1
39 3 1
18 43 1
47 52 1
66 53 1
65 15 1
1 20 1
28 2 1
2 49 32
2 46 1
20 42 1
39 29 1
35 58 30
8 32 1
19 38 1
62 25 1
25 36 1
47 10 1
67 44 1
45 46 1
5 46 47
58 21 1
57 47 1
58 18 1
66 34 1
48 38 1
61 60 1
17 31 1
44 35 31
25 55 1
18 55 60
12 41 30
51 25 37
66 11 16
10 54 1
60 17 1
51 13 25
10 8 1
48 69 69
16 17 38
15 69 1
18 56 63
19 41 55
41 61 1
38 24 1
67 15 1
52 29 1
20 12 1
15 36 1
31 38 1
64 37 1
4 48 1
58 10 1
55 37 1
30 45 1
0 44 15
21 63 14
60 52 1
35 8 28
27 66 55
27 39 33
53 19 1
3 45 1
52 13 23
32 10 1
55 26 1
19 14 1
66 24 13
28 20 1
43 11 1
46 57 1
23 55 1
21 10 22
4 27 1
60 45 1
32 8 1
29 16 1
29 11 1
20 4 1
13 47 47
17 59 1
29 35 1
7 64 1
46 54 1
36 61 56
55 28 1
27 49 1
33 46 1
59 21 1
21 55 1
65 32 1
63 9 38
40 27 2
52 26 1
57 66 73
35 49 1
19 21 1
46 50 1
17 35 1
46 10 1
8 32 1
10 18 1
30 2 1
67 54 1
44 13 1
43 8 1
39 23 1
30 65 1
7 62 13
7 53 1
57 52 1
22 39 1
6 18 1
56 0 1
13 69 1
12 57 1
25 43 1
26 63 1
15 66 33
28 49 1
7 12 1
18 41 1
27 6 1
6 52 1
11 40 1
44 60 1
23 43 1
11 15 1
10 18 1
21 7 1
69 26 1
18 51 1
39 2 1
49 25 1
16 47 1
36 55 1
40 38 1
54 44 1
56 44 1
6 50 1
1 41 1
51 12 1
51 22 1
6 35 1
56 11 1
51 2 1
69 20 1
12 44 1
5 63 1
36 5 1
25 46 1
2 54 1
69 16 1
24 54 1
29 22 1
47 18 1
10 44 1
53 51 1
54 36 1
48 67 1
48 32 1
16 58 1
37 50 1
30 61 1
31 63 1
21 6 1
43 47 1
55 9 1
65 15 1
0 58 1
18 52 1
3 20 1
46 14 1
47 43 1
28 66 1
62 30 1
13 23 1
64 39 1
8 64 1
0 68 1
68 9 1
37 17 1
34 5 1
42 37 1
60 18 1
8 51 1
38 55 1
13 8 1
31 26 1
37 66 1
10 2 1
3 8 1
20 56 1
50 26 1
66 9 1
51 56 1
69 57 1
6 24 1
22 21 1
69 35 1
6 30 1
10 5 1
48 59 1
10 26 1
19 59 1
55 53 1
68 20 1
24 32 1
47 58 1
64 18 1
56 27 1
64 19 1
69 28 1
27 10 1
39 32 1
30 61 1
0 35 1
9 33 1
10 21 1
53 64 1
36 21 1
41 40 1
3 16 1
33 16 1
42 27 1
0 43 1
26 1 1
34 54 1
2 41 1
67 50 1
13 65 1
48 68 1
24 61 1
54 66 1
43 14 1
56 58 1
45 53 1
47 65 1
59 12 1
63 14 1
7 38 1
2 28 1
26 62 1
58 16 1
51 8 1
66 58 1
21 7 1
59 11 1
30 62 1
55 38 1
0 21 1
55 59 1
5 14 1
59 58 1
64 6 1
61 12 1
24 35 1
51 9 1
9 36 1
21 55 1
68 14 1
0 30 1
60 18 1
54 14 1
7 22 1
46 38 1
24 67 1
0 4 1
69 21 1
10 30 1
11 32 1
1 35 1
11 31 1
8 46 1
58 18 1
60 69 1
23 24 1
1 67 1
55 40 1
22 10 1
53 2 1
8 55 1
25 17 1
34 19 1
14 48 1
50 49 1
20 35 1
0 65 1
27 14 1
50 0 1
53 9 1
41 32 1
51 65 1
2 15 1
65 5 1
55 15 1
69 53 1
9 24 1
55 22 1
49 56 1
43 34 1
45 48 1
54 20 1
17 20 1
45 27 1
41 1 1
68 5 1
12 33 1
33 21 1
24 17 1
34 44 1
66 23 1
4 3 1
38 35 1
66 13 1
14 25 1
21 63 1
68 9 1
22 40 1
9 55 1
3 12 1
9 20 1
0 25 1
15 6 1
6 11 1
38 41 1
23 57 1
52 6 1
41 13 1
38 32 1
61 44 1
46 53 1
11 22 1
27 16 1
40 31 1
13 53 1
21 13 1
7 37 1
54 69 1
13 40 1
64 46 1
53 3 1
3 46 1
60 36 1
15 60 1
1 37 1
0 1 1
11 32 1
61 23 1
36 28 1
24 4 1
2 68 1
51 66 1
7 17 1
27 11 1
55 44 1
46 22 1
67 31 1
29 33 1
20 46 1
15 27 1
24 34 1
40 38 1
4 20 1
34 44 1
32 56 1
4 48 1
8 63 1
51 5 1
63 24 1
0 36 1
28 43 1
42 31 1
30 28 1
57 60 1
37 27 1
27 59 1
39 11 1
25 55 1
43 69 1
36 42 1
33 69 1
49 28 1
42 68 1
45 26 1
18 20 1
16 42 1
60 46 1
34 67 1
1 18 1
4 68 1
40 63 1
24 16 1
12 3 1
60 13 1
1 48 1
23 17 1
7 31 1
65 5 1
18 46 1
48 22 1
38 62 1
41 2 1
28 58 1
39 53 1
49 56 1
3 17 1
11 6 1
2 28 1
69 30 1
21 56 1
15 49 1
21 57 1
41 46 1
30 64 1
4 26 1
31 29 1
28 43 1
52 41 1
66 46 1
53 14 1
26 6 1
58 47 1
35 25 1
65 34 1
3 33 1
54 21 1
57 34 1
15 33 1
27 22 1
25 2 1
14 54 1
53 44 1
36 8 1
69 61 1
61 55 1
36 16 1
6 45 1
35 28 1
10 64 1
19 31 1
9 39 1
39 36 1
3 48 1
9 14 1
22 55 1
10 66 1
38 54 1
66 7 1
17 0 1
68 0 1
6 14 1
18 15 1
59 6 1
2 37 1
68 41 1
62 5 1
54 11 1
58 29 1
7 35 1
58 1 1
12 52 1
38 66 1
22 59 1
16 14 1
62 28 1
64 25 1
14 55 1
50 4 1
29 52 1
49 45 1
51 40 1
56 20 1
51 3 1
13 29 1
30 66 1
54 10 1
59 9 1
6 2 1
34 68 1
49 67 1
53 50 1
66 26 1
51 53 1
57 30 1
64 12 1
9 12 1
55 28 1
11 51 1
25 53 1
45 1 1
69 46 1
5 49 1
25 52 1
21 39 1
11 44 1
5 16 1
8 39 1
67 8 1
38 48 1
49 31 1
13 23 1
34 57 1
32 62 1
51 3 1
42 19 1
50 35 1
44 48 1
57 14 1
42 32 1
23 21 1
37 57 1
67 20 1
52 49 1
42 50 1
7 26 1
16 25 1
64 58 1
40 11 1
10 43 1
18 42 1
45 10 1
49 26 1
10 54 1
28 38 1
9 58 1
40 63 1
69 11 1
9 7 1
30 18 1
40 43 1
28 53 1
19 49 1
30 41 1
3 43 1
50 54 1
3 25 1
67 8 1
14 42 1
22 49 1
13 39 1
60 55 1
16 13 1
53 18 1
12 16 1
1 26 1
63 52 1
24 19 1
23 11 1
6 51 1
18 58 1
7 54 1
30 54 1
7 33 1
8 3 1
68 37 1
58 20 1
69 35 1
25 26 1
59 47 1
30 26 1
30 19 1
61 44 1
14 12 1
4 23 1
37 40 1
50 3 1
57 16 1
44 57 1
66 54 1
36 14 1
43 67 1
43 50 1
42 28 1
2 14 1
25 7 1
61 5 1
34 5 1
43 29 1
61 51 1
51 18 1
68 53 1
51 24 1
