70 138 10000 28000 80 10
1 0 4
2 1 7
3 2 8
4 3 2
5 4 6
6 5 3
7 5 2
8 6 9
9 7 3
10 7 8
11 8 7
12 9 7
13 10 4
14 11 8
15 13 3
16 12 5
17 14 5
18 15 8
19 16 4
20 16 9
21 18 3
22 17 4
23 19 6
24 19 6
25 20 4
26 22 5
27 23 5
28 22 9
29 24 6
30 24 4
31 26 6
32 27 8
33 27 4
34 28 7
35 30 7
36 31 8
37 31 5
38 30 4
39 33 3
40 35 9
41 34 7
42 36 3
43 36 5
44 37 4
45 38 6
46 39 5
47 39 7
48 38 3
49 43 9
50 43 9
51 43 6
52 42 3
53 42 5
54 47 9
55 48 3
56 46 3
57 48 4
58 46 4
59 51 5
60 49 2
61 54 2
62 52 2
63 51 6
64 54 9
65 57 3
66 55 6
67 56 7
68 56 9
69 60 6
1 0 9
2 1 8
3 2 3
4 3 6
5 4 5
6 5 5
7 5 3
8 6 2
9 7 9
10 8 3
11 8 7
12 10 2
13 11 3
14 12 4
15 13 3
16 13 4
17 14 4
18 14 8
19 16 5
20 17 4
21 18 4
22 18 8
23 19 6
24 21 5
25 21 6
26 23 6
27 23 2
28 22 2
29 25 8
30 25 7
31 26 4
32 27 6
33 28 4
34 29 6
35 30 7
36 31 8
37 33 6
38 32 2
39 34 2
40 33 7
41 34 3
42 36 7
43 38 2
44 38 5
45 36 4
46 37 3
47 38 7
48 41 3
49 40 9
50 40 5
51 42 4
52 42 4
53 45 2
54 46 8
55 47 3
56 45 9
57 46 4
58 50 3
59 51 4
60 49 6
61 52 3
62 51 4
63 54 8
64 52 6
65 57 4
66 54 7
67 60 8
68 60 5
69 56 7
56 15 1
63 39 1
2 12 1
7 62 1
14 13 4
38 55 5
15 9 1
35 33 1
25 48 5
14 35 1
56 54 4
21 20 1
64 58 2
41 50 1
46 35 3
55 0 1
38 64 1
15 60 1
44 23 3
53 8 1
54 31 1
59 42 8
32 42 1
8 63 1
62 56 8
2 48 1
32 61 1
66 62 1
22 65 3
63 28 1
62 0 1
25 27 1
6 51 1
38 35 9
57 51 1
64 26 7
67 69 6
21 51 1
59 39 1
57 39 1
30 3 2
17 22 4
47 18 1
47 35 1
17 5 1
58 69 1
4 38 6
50 39 9
61 44 1
7 48 1
25 7 1
57 14 6
8 46 1
44 14 1
64 5 1
56 42 1
5 40 1
4 60 1
65 36 1
12 15 1
50 53 10
20 23 1
23 20 1
26 12 9
10 42 1
43 11 1
18 24 5
47 4 1
12 66 1
61 57 1
60 40 1
21 10 1
62 56 1
41 14 6
6 48 6
47 14 8
54 16 1
61 21 4
40 13 1
21 47 1
18 38 1
43 19 1
1 5 1
63 39 1
17 24 4
68 59 1
55 12 1
7 58 1
8 25 7
64 58 8
7 0 10
64 35 1
43 33 7
60 9 10
43 45 1
38 50 1
5 38 1
4 59 1
43 22 1
29 44 1
63 5 8
22 60 1
37 57 1
37 58 1
10 41 1
54 5 9
24 48 3
25 43 1
65 4 1
69 32 1
65 44 7
28 27 1
34 62 1
54 33 1
46 52 3
0 6 1
6 2 1
0 62 1
3 50 10
11 49 1
68 33 3
2 23 2
49 50 1
41 59 9
12 42 1
14 49 1
55 31 1
55 47 1
24 7 1
33 51 1
57 13 1
25 8 1
43 58 1
35 34 1
7 64 3
15 29 1
13 0 1
55 5 9
16 49 8
33 4 1
26 30 1
64 14 1
9 62 1
22 34 1
26 63 1
26 59 8
36 40 4
33 47 9
14 13 6
17 52 9
20 61 5
2 5 1
61 27 1
27 49 1
45 22 1
23 1 5
58 6 1
4 15 1
39 44 1
40 28 1
27 65 3
0 20 1
30 26 6
14 6 8
3 4 1
68 51 1
56 5 9
0 7 1
29 15 1
39 29 1
46 27 1
64 33 1
34 32 1
69 22 10
49 21 1
1 51 6
16 40 1
54 49 1
3 46 1
21 28 10
49 63 2
61 17 7
44 41 1
55 33 1
32 65 1
8 18 1
20 31 1
57 49 1
68 63 1
55 56 3
41 55 5
56 41 1
35 23 1
34 22 1
1 55 1
14 21 1
14 15 1
67 4 1
15 39 1
59 2 10
5 64 1
12 33 3
34 54 2
54 62 1
20 30 1
42 22 1
34 55 1
18 28 1
54 17 10
67 42 1
41 46 1
6 69 4
38 42 9
57 31 1
19 3 1
4 1 1
68 61 1
25 15 6
66 30 6
17 54 1
50 45 1
0 25 1
39 47 3
17 51 1
8 3 9
2 52 4
51 9 1
35 4 1
54 47 1
59 21 1
68 23 8
41 9 9
7 27 1
65 39 10
51 23 1
53 12 1
61 55 1
18 20 10
61 37 1
67 30 1
64 25 1
21 39 1
61 5 1
40 6 5
51 6 1
3 41 1
64 40 7
36 58 1
21 19 9
40 32 1
17 53 10
65 4 1
30 24 2
0 57 4
26 39 1
20 4 6
28 52 1
47 29 1
0 43 1
7 38 1
44 43 1
15 50 3
44 41 1
7 13 1
27 21 1
24 68 1
37 57 1
19 49 4
52 21 1
62 43 1
24 12 2
33 61 1
48 21 8
59 13 5
21 4 1
13 14 1
26 3 1
61 64 6
3 15 1
13 63 1
34 6 1
21 48 1
32 9 1
37 26 1
10 24 1
46 14 1
47 60 7
14 33 7
8 12 1
68 10 1
11 46 8
23 37 6
6 21 1
25 66 2
11 61 7
50 4 4
29 56 9
25 16 1
51 67 1
14 34 1
34 13 10
33 68 1
45 4 1
39 68 1
31 42 1
28 64 1
23 8 4
3 0 1
48 68 1
29 50 1
27 63 1
31 11 9
25 34 7
55 3 1
31 12 1
62 40 1
32 21 1
6 65 1
69 33 2
35 7 8
35 17 5
49 6 5
40 41 1
50 24 9
38 8 9
55 27 1
66 6 1
36 44 8
55 27 9
49 6 9
52 25 7
25 40 7
1 11 5
2 23 6
61 9 8
37 59 1
2 14 1
39 48 4
60 63 1
41 26 1
54 34 3
32 49 8
35 27 1
32 39 1
43 16 1
59 41 1
30 29 1
50 33 4
46 50 6
1 28 1
45 66 1
3 29 3
30 67 3
59 53 1
17 32 8
18 12 9
59 7 6
40 1 1
0 11 1
39 0 1
2 21 1
24 50 1
64 53 9
58 62 9
41 47 1
29 1 1
26 4 1
8 50 5
6 31 1
66 12 7
25 20 1
45 14 1
36 8 1
60 37 6
7 41 1
20 35 1
5 11 3
38 4 1
42 30 6
5 32 1
15 2 1
22 61 1
63 45 1
40 11 5
32 26 4
27 58 4
2 47 1
55 41 1
7 47 5
69 39 1
11 63 7
32 29 1
18 69 1
12 16 1
51 26 6
16 67 1
67 12 8
68 42 1
13 38 1
63 56 1
9 29 1
19 63 1
62 69 1
68 19 7
34 65 1
11 62 1
6 55 1
15 38 9
0 18 4
13 66 1
30 63 1
34 16 1
40 51 3
6 45 1
66 51 9
56 32 10
40 0 1
39 41 8
23 37 1
10 9 6
35 8 1
35 18 2
37 36 1
16 26 1
44 19 1
48 30 1
40 0 1
17 43 1
58 2 1
19 52 1
8 31 1
36 29 1
24 56 1
65 13 2
36 45 5
38 21 1
69 38 1
45 14 1
23 31 1
33 26 1
47 29 1
66 69 3
25 14 1
49 15 1
42 24 10
13 46 1
49 48 1
67 21 1
42 32 8
68 53 10
45 1 6
51 62 1
54 10 1
10 42 4
59 19 1
43 39 2
38 13 1
54 12 1
46 44 1
26 44 1
60 22 1
48 63 1
49 5 1
1 62 1
46 31 9
36 45 1
61 58 1
55 33 1
14 55 4
49 36 2
48 62 4
47 57 1
3 34 1
59 26 7
11 68 8
34 38 4
50 14 1
52 51 6
69 43 1
38 51 9
1 46 8
12 67 9
48 2 3
62 56 10
21 59 1
15 12 1
34 25 8
30 40 6
55 36 1
9 67 1
9 26 1
25 56 10
65 26 1
56 36 4
35 49 1
15 45 1
33 35 1
68 18 4
20 19 1
56 37 5
59 12 8
29 62 9
0 14 1
43 29 2
8 17 3
12 16 4
23 45 1
14 25 4
33 21 4
10 43 3
2 1 1
64 32 1
42 23 6
21 42 1
59 31 8
66 59 5
45 68 5
32 13 1
39 43 1
14 52 1
57 37 4
26 66 1
8 47 1
66 52 1
38 2 1
63 58 1
19 9 2
46 38 3
38 42 1
18 23 1
61 54 1
51 38 10
19 30 9
28 64 1
10 46 8
60 66 10
64 43 1
61 4 1
8 51 1
69 67 1
46 59 1
40 48 1
12 63 1
16 26 1
66 32 3
61 29 1
4 31 1
6 61 9
0 28 1
19 56 1
22 17 1
49 44 4
18 55 1
24 52 1
28 38 7
21 53 1
15 60 1
53 1 1
60 45 1
9 61 1
52 4 9
19 17 4
69 43 5
3 63 1
37 6 1
69 44 4
43 45 1
46 6 7
65 12 6
49 22 1
57 35 1
41 12 1
63 36 3
12 53 4
63 9 1
35 59 1
59 40 1
38 32 1
62 68 1
3 45 1
58 30 1
5 44 5
31 1 1
17 20 1
32 62 1
16 45 1
40 5 10
11 6 1
68 28 1
27 24 10
28 13 1
62 37 1
30 57 1
12 30 1
24 7 2
48 57 1
57 40 7
31 23 4
1 5 1
14 64 1
65 61 5
12 11 10
66 20 1
18 38 1
47 38 1
68 18 10
56 44 1
39 50 5
32 31 1
49 31 1
33 61 1
29 11 1
7 29 9
30 44 1
15 3 10
65 50 1
42 50 1
23 51 7
59 46 1
6 48 8
11 46 1
37 7 2
13 67 1
45 36 2
26 30 1
47 39 1
15 41 7
60 69 5
55 2 1
38 30 1
65 33 1
7 54 1
23 4 1
68 61 1
15 29 1
46 8 1
34 1 1
43 28 1
29 35 1
40 34 2
36 30 1
67 18 1
1 37 1
61 16 1
66 36 1
50 63 8
19 9 1
67 30 8
53 41 1
59 2 1
16 67 10
34 48 10
9 53 1
50 57 1
26 62 1
53 2 1
25 26 1
18 25 1
65 64 1
7 25 1
13 0 1
42 0 4
27 18 1
31 24 1
42 51 8
18 65 8
28 38 1
11 61 1
3 57 1
65 41 1
43 45 1
13 32 5
28 23 1
68 5 4
12 29 1
48 30 1
47 66 5
31 35 1
17 67 1
26 24 2
7 20 7
30 10 7
35 4 1
4 33 1
8 69 1
57 14 1
15 26 1
64 45 1
59 15 3
20 34 1
60 12 1
17 51 1
60 16 1
68 25 1
16 69 9
42 66 8
4 60 1
1 68 10
21 69 1
3 60 1
34 18 1
41 3 9
18 58 1
40 13 5
16 53 10
31 22 1
61 59 1
36 58 1
5 65 1
67 27 9
31 57 8
51 49 5
13 12 9
10 33 1
22 51 1
63 56 10
34 59 1
6 8 1
65 22 1
11 48 10
9 52 1
9 23 1
11 48 4
23 68 4
10 14 1
9 54 1
17 11 1
51 1 6
55 46 1
55 51 1
48 64 1
2 45 1
64 7 1
34 65 6
39 45 1
9 1 1
67 48 1
66 52 1
46 20 1
52 8 1
20 64 1
50 29 8
53 30 4
41 21 1
69 6 1
39 51 1
14 26 8
1 41 1
69 27 1
31 42 1
40 2 8
62 38 1
47 6 1
18 45 2
16 19 9
36 6 1
24 55 1
46 15 5
57 49 1
0 1 1
56 32 1
60 3 6
47 48 1
27 67 1
33 68 4
54 30 9
62 57 1
16 51 5
29 57 10
36 33 1
37 2 1
26 62 1
5 13 1
37 46 9
26 3 1
66 48 1
64 18 1
69 17 1
59 2 1
5 30 2
66 31 10
42 50 10
57 23 2
30 16 1
23 13 1
10 2 1
28 25 3
52 6 1
35 64 1
37 44 7
29 52 5
62 40 4
32 59 1
58 15 1
42 18 1
37 64 1
41 58 10
12 18 1
24 1 1
59 7 1
55 0 1
18 29 4
17 69 1
32 24 1
49 35 1
69 22 1
17 23 2
30 0 6
37 18 1
18 38 1
10 4 9
34 39 1
60 59 5
46 60 3
48 6 1
67 29 1
45 19 5
48 33 8
69 0 1
53 68 1
51 31 5
41 22 1
31 66 1
38 25 1
32 64 9
13 20 1
37 33 1
53 29 1
23 15 1
42 5 1
4 11 1
48 60 4
14 33 9
44 67 1
8 17 1
68 24 1
60 69 1
53 54 1
63 19 1
33 61 1
62 56 8
59 55 2
29 17 10
16 33 1
27 43 1
66 56 1
4 14 4
44 15 1
60 38 10
49 16 1
31 47 1
45 27 1
0 4 1
25 13 9
45 42 2
5 42 9
38 8 1
20 15 1
1 11 1
13 56 1
5 7 9
2 68 1
69 21 1
42 39 1
15 36 1
6 69 7
3 59 1
31 2 1
20 45 1
4 36 1
46 22 9
27 47 1
24 55 1
5 3 1
65 52 10
14 38 1
26 38 9
9 46 1
8 19 1
55 29 1
48 67 1
11 32 1
33 6 2
28 21 1
8 4 4
45 62 7
65 12 1
27 18 6
12 29 1
13 23 1
12 51 1
31 38 3
44 43 6
1 2 4
21 2 1
49 65 1
18 2 8
16 30 7
55 16 1
24 52 1
59 60 1
5 2 8
15 9 2
27 26 6
63 60 1
6 12 10
67 27 1
34 19 1
47 34 2
9 57 1
1 23 4
28 20 5
53 43 9
55 65 1
22 7 1
53 46 7
22 20 7
3 23 6
32 34 1
18 26 1
31 15 1
19 64 1
54 31 1
16 55 1
23 13 1
40 0 1
15 31 1
39 53 3
8 22 1
24 27 4
37 6 1
61 27 4
32 44 1
50 0 1
64 57 1
6 19 1
53 63 1
48 39 9
3 54 1
57 62 9
52 46 1
45 56 3
58 24 1
6 11 1
40 6 1
19 48 4
56 8 8
1 69 3
54 16 1
31 52 2
61 25 1
57 7 2
18 34 2
37 14 1
17 40 10
46 35 1
29 51 1
9 1 1
42 58 1
48 58 2
2 10 2
59 60 1
5 35 6
36 52 10
52 24 1
14 25 1
45 24 10
15 39 1
10 1 1
5 14 1
25 8 8
13 27 1
4 8 1
27 31 5
40 28 1
44 42 8
23 48 1
14 8 1
58 46 1
60 44 1
69 35 1
43 17 1
35 46 6
34 8 1
67 46 5
40 1 9
50 54 1
15 36 8
67 46 1
55 54 1
39 19 1
65 29 8
26 6 8
37 45 1
53 34 1
62 7 1
6 68 1
24 5 4
67 49 10
15 64 1
7 36 7
3 69 7
49 36 1
44 65 1
17 22 1
10 50 1
18 68 6
52 33 1
54 15 1
21 50 3
30 55 1
51 27 5
44 38 1
18 46 1
67 9 1
6 8 1
50 51 1
59 66 10
4 58 1
26 3 1
47 16 1
26 40 10
62 58 1
49 35 10
47 60 5
60 29 1
35 41 4
55 0 1
18 11 1
38 3 1
48 40 7
1 55 1
10 62 1
44 5 3
38 2 1
16 4 3
33 44 3
32 64 1
58 24 7
22 59 3
55 5 8
48 14 10
20 67 1
47 45 1
62 40 5
22 63 1
20 50 1
23 41 1
69 42 1
65 48 10
47 4 7
8 26 9
8 2 4
64 20 7
19 54 1
32 13 9
39 8 1
8 23 6
43 17 1
25 23 1
44 12 1
41 23 6
2 25 1
3 41 1
19 23 2
16 49 1
25 16 1
62 23 1
23 63 1
51 47 1
68 24 1
10 33 3
22 40 1
68 12 4
27 53 3
23 31 1
28 0 1
41 57 4
54 23 1
0 26 9
31 15 6
39 47 1
14 62 9
59 60 7
14 59 1
14 68 1
51 25 1
35 51 1
55 27 4
4 1 10
54 48 1
2 63 1
53 9 1
44 9 8
52 17 9
25 26 6
62 7 1
40 0 2
30 14 1
22 5 5
5 69 1
54 0 5
15 3 1
54 56 1
29 24 1
49 47 6
49 45 1
55 6 1
16 18 1
58 61 1
27 67 1
24 69 1
19 37 1
55 40 1
17 67 1
40 19 6
66 53 7
68 69 1
60 57 4
46 25 1
69 6 1
50 46 1
61 21 9
26 35 5
34 48 1
44 61 1
58 62 10
36 18 1
41 44 7
57 3 1
21 64 1
6 9 8
6 44 1
28 51 1
43 4 4
54 9 4
7 60 2
10 38 1
47 17 1
36 47 1
3 19 1
20 52 7
12 33 1
6 68 1
14 1 1
54 17 1
10 15 1
26 63 1
14 4 9
65 13 1
35 13 9
64 31 1
48 26 1
54 27 1
30 33 1
38 7 3
16 37 1
0 44 2
69 42 4
9 69 8
50 60 1
1 9 6
22 26 1
6 69 2
0 13 8
49 13 3
35 36 1
60 1 1
25 31 1
53 39 1
22 43 1
26 66 1
21 12 1
13 8 1
23 16 1
17 6 1
48 53 9
62 14 1
11 16 1
66 5 1
14 24 4
55 29 1
32 46 3
25 16 8
27 17 1
42 49 2
54 44 1
69 62 1
17 6 1
20 69 1
49 51 1
14 69 8
14 55 1
40 42 1
9 17 2
22 11 6
62 50 8
42 41 9
56 42 1
67 56 1
49 65 1
47 62 2
39 57 1
18 57 3
3 54 9
37 3 1
40 45 1
56 65 1
25 60 4
37 13 7
63 57 1
14 0 2
4 39 1
55 11 5
2 63 1
5 3 1
0 60 1
61 16 1
66 46 1
21 4 3
55 15 4
29 21 4
59 16 7
25 31 1
7 60 1
37 19 1
64 38 1
10 12 1
29 14 1
48 43 1
12 18 1
3 51 5
28 5 1
62 42 1
18 42 1
19 10 1
26 7 1
8 7 4
17 14 3
10 58 9
65 68 6
30 10 6
25 12 5
40 48 1
1 40 1
10 30 1
16 37 1
62 52 1
67 42 7
53 10 6
20 3 5
24 5 1
69 46 6
67 17 1
62 44 4
53 25 3
60 22 1
38 16 1
27 48 1
30 51 1
43 62 1
69 49 1
11 1 1
4 23 1
40 31 1
2 13 1
35 38 1
7 63 1
37 31 1
9 37 1
29 16 1
56 41 1
35 8 1
2 41 6
40 61 1
33 6 5
13 12 1
37 39 1
59 37 1
18 16 3
34 68 2
42 24 1
35 69 10
56 8 1
63 25 6
38 42 1
61 30 8
10 62 6
59 3 9
5 57 10
29 59 1
35 18 1
26 19 1
36 32 1
1 27 2
47 38 1
6 53 7
22 50 8
6 69 1
58 5 1
17 37 1
28 57 7
42 39 1
66 35 1
43 31 8
50 36 1
54 69 1
59 42 1
44 38 4
59 34 1
17 5 1
65 26 1
47 28 1
17 39 1
3 51 8
22 12 6
1 19 1
63 9 4
50 11 1
36 53 9
29 45 1
60 23 1
12 52 7
41 37 1
55 49 1
13 52 3
44 13 3
7 43 1
7 39 1
20 6 5
16 5 1
67 61 9
51 31 9
18 3 7
5 11 3
5 42 1
43 42 1
69 12 1
57 18 1
50 12 6
50 37 1
13 38 1
10 58 9
10 50 8
60 32 1
3 2 1
20 43 1
34 42 1
48 57 1
36 24 10
51 43 5
17 36 1
20 41 8
54 50 2
18 39 1
43 15 3
63 17 1
0 56 8
65 12 6
38 55 3
36 46 1
39 10 10
66 6 5
50 41 1
0 44 7
0 52 1
37 63 1
35 19 1
42 39 1
23 33 1
41 42 1
27 54 9
24 15 1
4 61 8
7 30 1
54 13 1
60 53 8
43 50 1
24 27 1
67 15 1
10 30 1
14 60 1
36 50 5
13 54 1
12 32 5
33 19 1
12 22 8
50 25 1
7 25 1
15 13 1
19 5 1
6 40 1
27 9 1
44 52 1
60 27 1
26 69 1
8 32 1
33 51 7
50 56 1
61 18 1
40 17 1
34 14 1
39 14 4
57 60 1
46 57 1
12 48 6
22 13 1
69 53 1
53 44 6
69 59 1
45 11 1
57 37 2
21 41 1
15 53 1
25 23 1
43 35 1
62 45 4
14 68 2
62 65 5
42 43 1
42 20 1
30 64 4
36 17 8
42 29 1
21 46 1
68 34 1
30 53 1
64 34 9
9 2 2
69 23 10
37 54 1
49 14 9
11 3 1
66 10 1
13 34 1
31 66 2
6 0 1
42 32 1
17 5 5
45 54 1
59 45 1
68 46 1
54 55 1
22 45 1
16 41 7
46 39 6
29 52 1
6 61 1
36 53 1
40 50 1
45 67 1
19 25 1
28 50 5
45 24 1
42 62 1
33 50 1
44 60 1
37 40 1
68 69 1
12 26 1
35 14 1
68 53 1
41 4 1
30 33 1
64 41 1
29 3 7
65 39 1
68 69 1
15 7 1
64 18 6
49 54 1
68 16 1
58 13 4
61 28 8
19 16 1
24 58 1
7 33 1
25 14 1
31 48 10
69 1 5
40 8 5
1 0 2
38 67 1
60 12 1
55 29 8
6 64 6
37 22 1
24 58 1
69 39 1
5 67 1
62 40 9
67 15 9
2 9 1
64 17 7
40 68 1
12 33 1
24 50 1
9 13 5
65 49 1
69 1 4
51 25 1
56 46 1
18 14 10
5 51 1
48 27 1
2 65 1
21 10 1
13 60 6
11 36 1
38 43 1
36 21 1
60 41 1
11 66 1
67 51 1
18 44 7
21 25 2
33 58 6
68 30 1
31 58 1
25 54 1
30 58 1
56 33 1
5 62 7
63 47 1
36 33 1
49 59 1
40 51 3
23 9 1
42 33 1
5 62 1
58 24 1
23 66 1
21 9 1
44 65 6
40 3 10
36 62 1
58 47 1
65 28 1
64 24 1
69 53 1
3 54 8
63 10 4
49 25 8
7 55 1
33 23 1
38 15 1
50 6 1
35 40 1
1 52 6
37 45 1
38 16 1
61 47 1
16 3 1
13 9 1
13 39 1
57 66 7
53 46 1
12 46 1
5 59 6
54 64 1
8 69 5
17 64 1
19 52 1
27 50 1
10 22 1
48 38 1
52 8 1
56 54 6
53 2 1
58 57 1
40 20 6
18 20 1
58 55 2
60 3 1
27 17 1
25 36 2
46 42 8
56 31 1
1 63 8
46 47 6
65 37 2
14 3 2
0 14 7
24 45 1
10 26 9
48 49 1
36 8 5
22 11 2
26 0 1
18 5 1
26 43 1
30 23 1
66 43 8
23 42 1
5 13 1
39 27 5
15 57 3
47 67 1
32 31 4
63 64 1
13 31 1
15 33 1
34 10 1
38 5 1
0 10 1
33 46 9
41 10 7
37 49 8
46 58 9
54 35 5
60 13 1
8 6 1
16 37 6
10 0 1
26 2 1
64 2 5
25 32 1
24 21 1
28 6 4
62 20 1
1 10 1
38 65 1
67 27 1
62 29 8
52 3 10
26 56 3
42 57 9
20 61 10
4 21 7
9 46 1
21 20 1
34 24 3
20 53 7
18 43 1
11 47 1
61 63 1
62 69 1
13 25 8
49 9 1
31 0 5
16 25 6
17 1 1
54 55 1
6 51 9
12 44 1
11 59 9
59 8 2
57 36 5
42 9 6
38 60 1
15 0 2
34 29 1
31 63 1
62 59 1
59 67 1
58 23 6
19 64 1
60 39 1
63 55 1
61 17 1
44 10 1
49 19 4
48 17 1
5 52 1
55 62 1
13 51 1
21 6 2
63 22 3
62 28 1
3 33 3
69 34 4
29 8 1
7 31 1
24 45 8
68 48 1
25 67 1
25 19 1
22 58 5
40 8 7
25 48 5
18 49 2
65 63 1
68 2 1
43 32 8
2 8 3
50 42 6
58 24 1
42 58 1
10 57 1
67 46 8
4 38 1
22 28 2
37 27 1
8 4 1
43 18 1
15 49 1
61 34 1
19 37 1
58 0 1
26 36 10
45 9 1
20 5 1
8 69 4
30 69 1
23 34 1
41 32 1
59 8 1
9 10 2
37 13 1
50 25 1
59 54 10
66 15 5
58 0 1
68 22 3
18 28 3
54 26 8
7 34 1
60 11 1
54 11 1
63 51 1
5 35 1
63 52 1
25 13 1
50 47 8
11 62 1
42 34 1
4 28 1
29 42 10
40 24 1
6 8 9
20 5 6
29 45 7
47 27 1
61 18 1
67 2 1
31 57 2
2 38 6
48 5 9
61 34 1
43 23 1
31 11 2
36 62 1
61 16 10
51 61 1
20 33 1
47 60 1
7 52 1
64 57 1
10 62 3
2 50 1
58 11 1
29 37 1
0 16 7
33 30 3
63 47 1
41 2 1
29 25 1
4 38 9
32 1 4
4 58 1
0 41 1
8 68 1
29 9 1
22 1 1
68 15 1
11 60 8
55 50 6
45 41 6
30 46 1
68 17 10
40 2 3
43 9 8
8 37 7
28 9 8
33 22 1
48 13 1
65 41 1
46 53 1
61 54 10
67 43 1
53 41 1
29 33 1
9 37 1
63 34 1
41 54 1
12 27 2
1 26 1
47 52 1
55 43 1
10 23 1
64 52 9
13 29 1
18 55 1
18 38 1
22 11 10
6 18 1
16 38 1
20 24 6
27 28 1
29 58 1
61 7 9
12 22 10
3 61 1
54 20 2
9 40 5
46 2 1
46 7 3
69 17 5
51 63 10
54 8 1
51 12 1
11 38 4
0 28 1
43 29 1
29 45 1
66 5 1
53 18 1
19 37 1
15 55 1
52 59 1
48 51 1
3 37 3
54 28 1
63 27 2
30 3 1
59 25 1
17 9 1
33 4 1
36 46 1
15 21 9
11 66 1
29 42 8
6 50 1
48 7 6
19 26 1
30 4 5
29 16 10
20 12 1
60 17 1
22 52 7
14 1 1
0 30 1
1 49 1
34 18 1
68 39 9
54 17 1
68 1 4
23 19 1
45 36 5
18 39 1
32 14 1
38 13 9
54 42 1
23 42 1
44 25 1
49 56 7
26 48 1
30 10 1
26 24 6
67 37 1
37 66 3
68 13 7
14 38 1
53 30 2
19 21 1
7 13 1
23 38 3
21 59 1
55 9 1
43 37 10
48 34 1
11 26 7
18 22 7
30 18 1
68 46 7
34 30 1
3 39 8
2 10 2
3 42 5
63 51 9
13 38 1
66 13 1
14 59 2
63 44 1
58 1 1
50 66 1
46 54 1
52 66 1
48 30 1
69 39 1
68 46 10
45 34 1
53 69 1
44 54 10
52 67 2
6 60 1
13 42 1
54 21 3
10 60 5
59 63 1
9 57 5
17 41 1
3 15 7
0 55 6
4 8 1
52 43 9
16 55 1
20 10 7
45 38 9
5 3 1
7 54 10
65 16 2
50 52 7
32 44 10
56 62 1
54 48 1
56 39 1
5 23 1
51 49 1
33 56 1
18 55 1
32 44 1
28 57 1
52 48 7
11 4 6
41 22 1
41 5 10
56 65 2
33 4 1
47 6 1
5 56 1
39 27 1
45 3 1
40 37 1
51 34 1
20 17 9
7 11 2
56 58 1
20 28 8
46 44 1
33 22 8
28 22 1
25 42 1
60 34 1
54 1 1
0 28 1
51 64 3
58 1 1
10 53 1
21 56 6
23 60 1
46 18 6
59 3 1
56 0 1
4 63 1
35 18 5
9 43 1
22 1 1
55 60 1
47 23 5
59 58 1
10 68 5
41 45 1
15 48 1
55 47 4
12 0 1
16 41 1
58 1 1
39 16 1
22 66 1
62 25 1
9 49 1
64 61 1
21 65 1
43 16 6
39 28 2
64 33 1
52 11 6
22 25 9
48 57 1
61 65 1
60 59 7
46 63 1
18 16 1
8 40 1
41 29 7
25 52 10
45 26 1
13 5 1
12 26 1
58 17 1
31 35 1
5 44 10
10 3 1
42 36 1
10 27 1
0 67 10
64 47 1
11 4 1
31 53 5
21 66 1
65 63 1
25 62 1
34 8 1
55 24 4
27 4 1
13 2 3
63 21 7
38 14 3
54 57 1
6 59 1
62 61 1
21 49 1
68 36 1
4 48 1
65 47 7
14 17 9
66 1 1
10 23 1
48 27 1
21 30 5
50 59 1
58 65 9
9 63 1
68 21 1
19 66 1
27 12 1
10 42 8
53 8 1
59 27 1
19 41 1
64 62 1
16 8 1
69 56 1
41 45 4
30 68 1
45 68 1
55 57 1
50 55 3
67 37 5
23 62 1
22 53 6
13 69 1
51 23 1
25 17 4
0 67 7
9 61 1
43 29 1
1 37 9
49 19 6
14 12 1
36 65 1
8 24 4
52 61 1
67 34 1
4 34 10
59 50 1
14 8 1
6 32 1
52 64 1
4 55 2
19 28 1
2 64 1
23 46 1
37 45 9
31 15 1
57 39 1
4 27 7
66 43 5
56 68 1
52 34 4
8 15 1
6 52 1
36 27 7
50 55 6
53 19 8
68 46 7
49 39 1
68 13 1
46 54 9
8 35 1
51 30 4
7 66 4
18 44 5
59 2 1
7 29 6
46 4 1
21 8 9
51 21 1
37 19 1
10 34 1
19 56 1
63 60 9
69 17 1
1 66 1
0 27 4
41 29 1
7 28 10
39 19 8
44 29 1
40 36 5
65 22 1
32 62 1
20 4 2
69 1 1
64 62 4
67 18 8
32 8 1
16 44 1
38 62 1
52 47 1
26 45 6
21 25 1
64 51 6
11 52 7
25 66 1
11 19 1
0 59 3
58 34 1
13 42 1
11 35 1
18 56 1
58 14 4
58 37 1
33 12 1
48 52 1
17 33 1
69 41 1
10 5 9
25 12 1
5 25 1
29 10 9
15 63 1
8 39 1
66 63 2
8 22 1
43 17 1
13 50 1
48 62 7
45 51 1
58 48 1
26 48 2
17 62 8
17 8 1
64 16 1
40 32 1
6 23 6
56 39 1
61 19 8
45 24 1
9 40 1
28 50 1
9 52 1
32 51 8
65 20 1
20 42 1
6 24 1
46 48 3
54 43 1
28 67 9
26 56 1
64 67 1
1 42 1
68 46 10
30 17 8
41 37 7
23 29 1
10 26 8
52 54 1
30 15 5
48 15 1
51 54 1
36 54 1
4 29 1
44 58 1
42 17 6
68 55 1
56 32 1
65 19 3
60 11 10
23 65 1
30 50 2
11 55 4
30 65 8
63 58 9
12 69 9
58 38 1
13 0 4
48 57 1
65 43 1
24 10 1
52 55 1
62 67 1
64 63 1
3 68 3
3 2 1
23 66 6
30 55 1
47 34 1
46 55 10
16 45 1
37 68 1
63 40 1
59 53 1
48 50 8
43 6 1
8 11 1
48 63 5
69 61 1
21 44 1
57 37 1
32 43 1
22 47 1
55 49 1
27 9 1
7 19 4
67 10 5
39 65 1
4 14 2
51 46 4
35 20 1
5 54 2
31 22 1
66 3 1
67 22 5
17 64 1
57 22 1
53 2 1
52 47 2
6 64 3
22 0 6
9 62 1
17 32 10
31 35 1
34 60 9
18 11 1
2 4 1
26 58 6
27 48 1
8 0 1
7 41 1
26 22 1
50 3 1
20 48 1
63 26 1
20 40 1
17 10 1
54 64 1
50 55 1
53 7 1
36 27 1
55 33 5
41 60 1
40 61 5
11 36 1
58 55 1
21 68 1
34 28 1
55 38 7
37 62 3
64 21 3
53 46 1
38 7 1
29 44 9
7 0 1
4 36 1
42 49 9
34 35 1
31 43 1
13 63 1
3 49 1
45 66 10
60 54 1
29 31 1
54 10 7
63 34 1
6 27 1
20 38 1
49 39 6
45 52 8
39 25 8
30 43 4
31 62 1
42 14 2
34 9 1
60 53 3
12 41 10
35 66 1
60 5 1
54 13 3
19 17 6
35 59 3
25 51 3
10 16 1
3 11 1
23 67 2
3 7 1
26 38 7
39 9 1
29 53 1
59 17 1
20 7 1
58 11 9
56 52 1
45 13 6
22 43 8
22 17 1
45 67 4
42 48 8
60 29 1
56 63 1
53 34 8
69 64 5
67 38 1
69 15 1
3 50 1
66 62 3
21 58 1
37 48 1
63 60 7
53 42 1
50 24 1
46 44 7
42 0 6
8 29 1
62 34 1
5 55 1
23 28 1
5 9 1
7 35 5
63 40 9
64 69 1
3 25 1
59 66 1
63 53 2
48 21 1
62 27 1
17 23 1
66 30 1
0 68 5
16 37 1
47 8 5
26 35 1
47 0 1
61 43 9
0 52 9
0 2 1
7 59 1
63 26 10
60 3 1
62 26 1
39 24 1
15 12 4
44 42 1
48 20 9
31 26 10
65 12 1
65 50 1
26 62 2
36 63 10
47 24 2
60 34 4
31 58 1
58 25 1
6 40 4
68 58 2
51 35 1
36 27 1
17 3 1
62 64 1
35 39 1
51 11 2
56 13 1
17 9 1
18 47 4
11 7 7
65 43 2
56 23 8
25 31 1
36 19 1
64 31 1
2 24 1
58 8 1
64 65 3
28 67 1
54 14 1
68 26 1
24 23 1
53 15 1
55 9 1
62 15 1
55 61 8
62 43 9
12 19 1
37 20 1
43 69 1
26 13 8
48 1 1
60 35 7
16 15 1
0 66 1
53 43 1
22 17 1
20 41 1
63 29 6
68 25 8
16 1 1
56 37 9
36 22 1
47 11 6
6 36 9
38 45 1
11 13 8
23 47 1
7 22 1
55 10 1
30 47 1
39 56 1
4 56 1
22 69 1
62 27 5
49 58 1
21 2 1
67 0 1
3 59 9
4 24 10
3 29 1
59 9 1
16 66 1
3 11 1
67 18 10
55 46 7
58 41 2
16 62 1
64 10 5
57 11 5
35 39 3
28 35 1
33 38 10
52 19 1
31 23 1
43 35 10
17 41 9
27 5 1
65 11 7
17 48 1
36 44 9
44 8 1
33 52 1
46 27 1
26 44 4
69 42 4
1 32 1
33 32 1
17 61 1
25 16 1
56 3 1
31 41 1
56 35 7
55 9 5
8 33 1
57 11 1
40 47 5
39 53 1
0 46 1
65 46 9
15 4 4
6 36 8
9 38 1
1 46 1
12 68 1
7 46 1
2 7 1
66 44 1
65 57 1
12 25 4
5 43 3
23 13 3
9 15 1
22 36 8
64 23 5
41 13 1
47 11 10
35 50 10
53 11 8
68 21 1
23 3 1
1 58 6
54 65 1
48 11 1
0 69 9
51 30 1
51 10 8
67 6 1
62 20 10
61 63 1
36 51 1
11 14 6
59 10 7
50 41 1
6 3 1
15 41 3
37 62 9
12 11 1
12 58 1
47 69 8
4 49 1
20 27 1
1 61 10
36 47 1
48 61 1
63 25 1
11 36 1
5 51 1
46 64 1
21 63 4
66 35 8
6 25 1
32 63 4
32 3 1
5 47 1
2 68 10
65 10 1
55 58 1
55 27 1
16 43 1
63 26 7
52 43 1
22 38 1
1 10 5
13 17 1
2 36 1
24 30 6
25 57 5
21 30 1
22 34 8
12 39 1
16 67 9
17 58 1
10 67 1
53 54 2
65 39 1
11 28 1
51 2 1
30 36 1
14 54 9
57 6 1
10 55 1
38 36 7
50 68 1
41 11 1
24 49 9
47 26 1
18 56 2
41 10 8
7 38 1
3 58 2
59 58 1
64 67 1
53 4 10
28 44 1
43 62 7
35 48 2
23 16 1
17 12 2
23 29 1
7 49 1
20 17 4
10 68 4
59 41 1
44 12 7
60 46 7
25 12 5
57 54 1
33 52 1
63 61 4
46 62 1
66 47 1
47 42 1
33 54 1
60 24 1
21 15 6
64 7 5
53 15 1
21 8 1
5 53 9
21 47 10
36 52 1
59 31 1
18 59 1
27 39 3
37 14 1
50 37 1
18 14 5
68 56 8
52 24 1
19 67 9
40 33 3
27 6 1
30 27 1
61 58 1
31 7 2
29 59 1
40 59 1
62 55 1
39 66 1
31 46 1
55 19 1
28 55 1
56 5 1
30 31 8
62 23 1
1 15 1
48 59 1
69 28 5
33 45 1
3 20 1
28 36 1
20 30 8
57 46 1
12 43 1
39 66 1
9 58 1
11 34 10
52 50 1
41 20 1
38 22 6
11 42 10
41 47 6
19 66 1
27 49 9
42 68 1
35 8 1
54 7 1
8 44 1
17 64 1
32 17 1
25 1 9
59 21 5
20 64 1
64 59 9
9 57 1
19 16 1
59 50 4
59 52 1
18 26 8
62 18 1
27 69 1
62 51 10
10 45 1
8 23 9
53 68 1
41 58 1
52 37 1
49 62 5
35 18 2
41 37 1
37 52 1
62 43 1
61 19 1
31 33 1
66 59 1
14 36 1
42 17 8
0 35 3
59 60 1
48 7 9
9 8 1
57 34 1
8 2 7
14 22 2
54 60 1
62 27 1
33 67 9
51 40 1
38 36 1
51 22 1
55 31 8
33 42 1
26 8 1
1 33 1
7 50 1
53 25 1
25 32 1
16 7 1
61 18 1
7 62 7
32 51 1
56 52 1
54 46 8
47 28 3
44 29 1
67 53 1
25 53 1
62 25 1
62 19 5
23 52 1
2 7 1
38 2 10
21 14 1
20 38 1
53 13 1
68 49 2
7 58 1
63 56 1
34 68 2
30 34 5
54 14 1
11 55 1
38 67 1
66 19 1
27 11 5
55 57 1
36 42 1
10 43 1
54 22 1
50 53 1
29 47 1
4 58 1
50 22 3
40 24 1
8 27 1
64 5 8
14 44 1
53 11 1
42 31 8
30 52 1
11 29 1
4 58 8
36 39 3
46 34 1
29 25 1
60 22 1
63 58 8
13 48 1
2 57 1
51 23 1
4 21 1
36 14 6
42 15 5
42 40 4
17 51 1
22 16 10
25 18 1
33 57 5
38 32 7
5 10 1
16 65 9
50 54 5
65 17 1
60 32 1
1 40 4
61 55 3
33 68 1
11 41 1
13 56 1
16 58 1
2 52 1
62 68 1
46 54 1
17 11 1
64 24 1
39 38 1
44 36 1
33 22 5
45 20 5
63 45 5
43 62 1
37 43 1
58 37 8
2 34 1
69 3 1
43 18 2
50 66 1
8 2 1
37 29 1
1 40 5
10 36 1
1 18 8
56 27 1
56 58 9
57 47 1
27 49 1
6 35 2
47 11 1
67 68 4
34 31 1
47 15 3
35 65 1
12 16 1
22 44 1
27 23 1
48 35 1
22 8 5
59 6 1
51 28 1
21 4 1
10 66 3
35 61 1
53 64 1
65 69 3
19 41 8
30 29 3
17 64 1
6 26 1
31 62 1
47 44 1
6 16 9
23 13 1
3 11 6
3 1 1
4 35 5
47 59 1
35 34 1
37 9 1
58 3 1
19 36 7
36 49 6
35 68 1
9 47 1
20 10 9
63 56 1
52 51 1
68 34 1
43 23 1
22 55 2
17 1 1
6 51 1
43 25 7
2 69 8
66 63 1
36 56 10
10 68 1
61 2 1
61 66 8
30 16 1
52 5 7
50 7 1
24 56 1
15 12 1
16 56 8
10 31 1
26 56 1
61 40 1
10 19 1
57 47 4
51 35 4
10 9 1
4 5 7
30 45 1
14 40 3
34 37 4
31 43 1
8 13 6
50 14 9
39 53 1
55 41 9
15 51 1
47 58 1
9 5 5
25 47 1
38 6 1
48 34 6
48 28 9
4 39 5
26 43 10
39 17 9
64 47 1
47 49 6
8 24 6
20 1 1
47 23 1
29 0 1
26 57 9
9 58 5
62 60 1
68 27 1
62 61 5
45 44 1
39 11 8
2 29 1
12 49 7
29 40 1
8 46 1
38 3 1
4 43 1
14 39 1
44 9 1
27 8 1
9 34 1
6 18 1
13 51 10
21 33 1
43 19 1
18 0 1
64 69 1
16 36 1
44 41 8
62 3 1
61 6 1
69 66 1
42 21 8
13 15 1
56 47 1
18 20 1
34 43 8
28 27 9
13 62 2
15 11 8
46 50 2
27 5 7
15 39 1
8 32 7
16 35 8
4 39 1
60 40 1
68 16 5
37 28 6
52 19 1
64 14 1
27 12 1
53 7 1
11 43 1
16 43 9
52 35 1
48 8 1
33 41 1
53 61 1
20 66 1
1 35 1
11 18 1
22 27 1
34 50 3
38 49 1
14 36 1
68 35 1
50 5 1
39 59 8
22 64 1
65 39 10
43 66 5
68 9 6
24 16 3
14 41 1
26 41 1
37 13 1
10 32 1
2 56 1
58 28 4
55 44 1
50 55 1
56 10 7
65 22 1
67 45 1
61 43 9
40 38 1
67 27 1
32 64 1
49 15 10
62 4 1
48 62 1
12 62 1
37 4 1
17 40 1
39 0 1
11 0 1
44 38 1
25 65 6
48 69 9
69 64 1
30 58 1
59 63 9
45 63 1
25 0 1
5 13 1
19 48 1
9 60 4
28 20 10
46 9 1
27 33 1
14 67 1
5 0 1
22 56 1
62 23 1
67 55 1
45 62 2
65 31 2
15 4 1
61 36 1
28 30 1
61 34 1
49 67 1
36 8 1
27 66 1
48 3 1
10 46 3
30 47 4
10 24 2
31 28 9
13 69 1
55 0 6
31 49 1
30 34 4
57 18 2
41 66 1
8 18 1
25 3 1
34 7 1
16 40 1
13 38 4
13 55 4
68 0 9
44 38 1
28 2 1
27 31 1
18 65 10
54 32 1
21 34 1
3 9 1
66 41 1
27 25 1
63 15 2
67 17 7
68 67 1
4 3 1
63 4 1
34 51 1
0 46 1
64 27 1
54 46 5
4 8 6
7 36 7
66 26 3
31 43 1
52 35 1
20 3 7
41 57 5
7 62 7
31 60 1
16 53 1
2 8 1
61 43 1
27 16 7
37 68 1
29 52 1
24 42 1
16 15 1
10 33 1
7 51 1
31 11 3
0 25 1
52 62 3
33 61 1
68 0 10
9 40 5
54 66 1
48 24 1
27 20 4
54 11 1
17 0 1
40 6 1
11 61 1
20 53 1
60 51 1
24 28 4
66 4 1
8 66 1
4 44 4
1 2 1
55 56 1
15 33 1
13 18 1
19 0 7
20 46 1
29 8 6
55 11 1
44 26 1
15 67 1
6 47 1
0 69 1
14 6 10
10 56 1
8 27 1
33 17 1
41 49 1
42 28 1
29 13 1
48 43 6
28 10 1
26 53 2
25 33 6
23 64 4
22 37 1
65 10 4
51 63 1
27 56 1
13 1 1
46 64 10
4 35 1
59 57 1
63 55 1
22 42 10
17 33 1
28 37 1
67 18 1
63 45 4
10 55 7
43 58 1
43 6 4
45 34 1
9 4 1
40 39 1
52 13 1
17 12 1
17 46 1
63 44 7
11 1 8
65 16 9
15 32 1
41 42 7
54 28 1
40 48 1
49 10 1
14 40 5
4 38 1
61 56 8
5 61 4
47 66 1
20 38 5
65 40 1
62 12 1
26 41 9
7 61 10
49 35 1
54 3 10
47 9 1
47 40 1
17 37 1
58 29 3
57 13 1
6 54 1
22 29 3
54 49 1
63 18 1
8 68 1
19 7 1
10 40 1
12 43 1
30 64 1
14 43 1
12 34 1
47 50 1
36 48 4
3 1 1
29 58 1
62 69 1
36 45 6
18 24 9
36 68 1
48 20 1
47 35 5
6 10 1
15 35 3
7 55 3
47 25 5
29 64 1
51 25 5
64 47 1
24 65 5
59 14 1
16 54 1
22 60 10
8 26 1
33 3 1
28 58 1
35 18 1
6 8 1
42 68 6
44 22 3
7 43 5
4 61 5
37 17 1
17 1 2
48 37 10
9 28 1
22 2 1
55 40 2
48 53 1
69 58 1
10 67 6
17 8 1
51 35 2
8 38 5
35 17 1
43 61 1
18 4 1
46 0 1
52 38 1
61 22 1
60 16 5
32 47 6
63 48 1
40 65 7
6 39 7
19 65 6
42 61 1
18 1 3
58 1 1
19 55 7
22 10 1
9 8 1
34 61 1
60 13 3
10 15 1
66 64 1
39 12 1
69 25 1
57 5 2
14 68 1
30 56 7
17 29 1
34 52 1
69 17 6
62 29 1
55 37 1
48 55 5
19 16 1
52 40 6
68 51 1
64 14 1
44 20 1
62 48 2
66 51 1
40 47 1
60 16 1
22 21 4
66 9 8
1 11 6
47 2 1
47 3 1
31 44 7
32 62 3
58 13 1
30 28 1
28 63 6
8 44 1
17 62 4
61 26 8
6 29 1
47 66 1
43 17 9
29 55 6
34 30 1
64 34 1
39 63 1
51 31 1
67 27 1
33 59 1
15 42 3
18 49 1
30 11 1
56 45 3
34 35 2
42 67 6
38 66 1
36 60 1
37 32 1
3 52 1
27 49 2
32 39 1
3 37 1
43 8 3
1 28 1
69 55 1
38 36 7
19 53 6
16 57 5
13 69 1
3 23 7
38 7 1
9 55 5
30 6 6
61 14 10
52 44 5
50 41 9
58 56 1
6 55 9
21 23 7
19 60 1
34 14 2
47 65 1
54 65 9
36 7 9
23 26 1
44 63 8
38 22 1
10 8 1
14 11 1
33 12 1
48 59 1
17 52 10
67 34 3
10 43 9
13 49 1
66 26 4
34 16 1
48 62 8
50 28 1
65 28 1
26 32 1
65 58 1
41 12 5
36 55 1
32 25 3
59 34 1
42 26 1
46 57 1
17 25 1
13 20 1
30 52 3
23 43 1
15 68 6
63 67 1
20 38 5
59 46 1
27 7 7
58 6 10
25 54 8
50 58 1
23 9 1
22 36 1
40 52 8
69 29 1
1 32 3
20 31 7
37 16 1
28 36 1
15 24 1
28 45 9
40 0 1
44 5 1
28 21 4
17 51 1
40 25 5
69 2 5
54 28 1
29 53 10
68 48 7
47 42 1
8 15 1
19 22 5
11 19 1
1 18 8
51 11 1
30 57 1
59 64 1
1 58 1
43 63 3
33 18 1
46 38 6
17 56 1
28 62 1
68 53 1
25 29 1
4 49 1
1 52 4
64 63 8
31 38 1
7 56 9
55 1 1
31 34 1
50 0 4
17 50 9
41 46 3
54 10 1
46 10 1
55 15 1
40 12 1
60 37 5
57 68 1
63 16 3
7 39 1
0 54 8
5 60 8
46 3 9
21 43 1
7 66 1
64 44 3
34 1 1
11 45 10
25 23 1
34 50 5
44 50 1
41 68 8
49 26 4
46 24 5
9 48 1
9 5 7
31 54 4
25 50 1
17 57 1
60 9 1
34 47 3
26 51 5
40 56 1
50 47 4
3 17 1
27 6 7
5 11 1
30 33 1
51 5 1
50 9 1
34 16 1
68 52 3
50 42 2
61 5 8
0 55 1
19 26 6
25 66 1
61 3 1
18 4 1
14 20 10
57 19 10
35 47 2
69 1 1
57 32 10
55 60 2
62 66 1
38 2 4
5 60 10
38 16 1
3 62 1
53 22 1
34 59 1
66 67 8
65 32 1
63 60 1
6 8 1
21 35 1
51 42 1
28 5 1
43 48 3
68 8 1
4 52 1
59 55 1
17 27 1
48 2 10
36 68 1
24 22 1
34 39 4
50 58 1
56 21 5
57 41 1
66 29 1
9 53 1
63 12 7
20 65 8
42 45 1
66 49 1
6 24 1
42 64 1
47 15 8
65 53 8
69 62 1
59 49 1
35 52 1
6 32 6
35 39 3
47 66 1
11 29 6
41 45 1
58 33 1
41 36 1
8 44 1
34 48 1
38 46 2
27 26 1
59 19 1
34 11 1
32 39 7
41 31 1
26 42 2
35 40 1
54 25 6
4 54 1
48 50 4
54 41 1
54 68 9
59 25 1
11 27 1
8 7 8
18 5 2
21 39 8
4 40 1
65 10 4
67 39 1
37 29 9
25 2 1
1 5 1
10 11 1
34 23 3
20 36 1
60 42 6
33 19 2
53 23 1
65 56 1
46 68 1
20 15 1
34 13 10
38 68 1
39 47 1
45 25 1
42 37 1
22 47 1
67 33 1
51 34 1
19 28 1
32 69 1
31 32 1
35 2 9
28 33 1
5 65 8
57 38 7
33 0 1
9 54 2
62 7 1
10 65 8
4 55 1
48 32 1
42 7 1
9 34 1
12 47 1
47 21 1
57 56 8
11 54 4
9 12 1
38 20 5
31 39 1
18 38 6
17 24 1
11 37 8
47 60 1
28 63 1
20 22 1
19 37 1
50 34 1
18 14 1
22 19 1
19 21 1
16 5 5
9 11 3
26 39 1
18 41 3
33 65 1
62 6 1
42 51 1
12 14 1
10 31 1
45 6 1
61 65 1
13 0 1
47 0 3
64 34 1
38 26 1
50 9 1
69 39 4
48 1 1
36 42 1
37 49 1
23 68 8
49 24 1
48 13 1
16 12 1
17 20 1
29 8 1
12 5 1
16 24 1
40 68 1
38 54 1
15 29 8
41 48 1
20 27 1
57 42 1
28 27 4
15 29 1
52 68 4
2 10 1
13 67 1
34 32 2
64 37 3
55 26 10
68 44 1
40 27 10
44 54 1
60 56 1
31 54 8
59 7 2
58 60 1
11 53 1
52 68 1
6 66 1
30 21 4
24 65 1
16 53 1
18 1 1
47 52 1
63 60 1
57 31 1
26 23 3
59 63 1
28 44 1
15 57 1
59 11 6
39 45 1
25 19 7
26 67 7
32 66 1
15 20 1
50 3 1
31 16 2
61 47 1
67 20 4
14 3 6
46 13 1
10 35 1
25 48 7
40 52 6
58 51 1
41 66 1
15 31 1
49 41 1
48 22 1
9 33 7
56 40 1
65 37 1
50 0 1
33 10 3
1 58 8
64 51 1
14 18 1
6 48 1
36 30 1
41 59 1
46 3 1
60 14 1
4 21 1
54 18 1
27 64 1
52 27 1
19 36 1
2 37 1
26 21 1
59 47 1
35 66 9
12 48 1
43 8 1
31 15 2
68 14 1
47 54 7
67 8 9
36 67 5
45 18 1
32 37 1
35 28 1
50 61 1
14 65 3
2 0 3
68 13 1
2 62 3
69 19 1
8 13 1
58 13 1
35 57 1
12 21 6
68 8 1
15 11 1
5 54 1
17 47 1
47 49 1
7 60 1
37 20 1
20 60 6
41 30 1
52 8 1
50 7 1
68 58 4
23 58 1
21 48 1
14 43 1
67 62 1
41 11 1
11 4 4
27 30 1
63 48 1
8 25 1
0 61 1
12 26 2
38 68 1
52 45 1
60 52 3
38 51 1
47 35 1
26 21 9
56 33 5
66 29 7
20 62 1
56 29 1
6 35 8
26 37 1
66 61 1
36 19 1
12 43 1
0 47 3
32 29 1
64 15 5
37 35 7
68 3 8
13 15 1
1 26 1
46 69 6
19 44 8
0 38 1
19 62 1
38 68 10
46 49 1
4 19 1
22 44 1
18 11 1
24 35 1
60 45 1
24 51 7
48 34 1
4 19 10
48 34 1
17 16 9
50 55 1
12 28 6
59 40 8
42 17 1
67 69 8
53 35 1
1 60 3
40 67 1
19 30 1
56 31 1
20 12 1
42 45 1
7 33 1
7 47 1
50 64 8
28 44 8
27 67 1
39 12 9
66 26 4
29 68 7
30 53 2
24 57 4
30 10 1
12 60 1
19 57 6
16 39 7
53 17 1
8 28 10
7 33 7
3 21 1
1 18 9
0 43 9
69 55 7
69 17 9
45 7 1
29 17 10
36 13 6
65 27 1
2 27 7
33 55 5
25 24 1
45 20 1
46 47 6
13 37 1
18 29 1
44 38 1
64 53 5
17 11 1
55 66 1
20 41 1
53 44 1
18 57 5
58 17 1
42 45 8
44 48 1
56 12 1
10 35 4
59 28 1
62 67 1
58 57 1
26 0 1
40 44 1
19 57 1
29 42 9
23 16 1
52 56 1
58 28 1
64 55 1
35 59 9
0 56 1
37 58 8
42 47 2
67 58 1
63 32 7
32 51 1
45 67 6
45 7 1
23 4 3
26 2 1
55 17 1
7 50 1
32 63 1
12 4 3
17 40 1
26 53 1
6 58 1
57 62 1
6 36 1
17 48 1
30 38 1
3 0 10
27 67 6
32 46 8
43 2 1
54 2 5
40 56 6
45 24 1
49 18 9
28 58 1
46 5 5
47 64 1
47 40 1
65 32 1
8 40 1
11 57 3
49 53 8
65 14 10
15 12 8
0 10 1
45 67 1
25 66 7
64 52 1
50 66 1
4 59 9
5 22 10
11 26 1
29 33 1
53 28 1
21 43 1
26 4 1
67 32 1
16 66 2
44 50 1
65 66 1
42 45 1
38 49 1
44 69 7
8 68 6
31 65 1
26 36 1
10 4 10
20 46 9
38 69 5
46 55 1
39 47 1
55 13 1
18 51 3
12 36 1
5 65 1
25 55 1
55 43 1
68 43 1
55 54 1
59 12 9
18 11 1
65 50 1
5 48 8
55 45 5
26 30 6
23 48 1
64 38 9
19 7 1
64 67 7
3 57 1
64 16 1
39 29 8
52 29 1
41 49 2
53 63 8
10 23 7
4 30 6
64 24 1
61 35 10
36 43 1
64 47 1
1 35 2
24 53 1
18 27 4
56 45 1
34 16 8
39 64 2
61 1 10
57 16 1
3 8 1
27 53 1
7 26 5
22 63 8
45 42 1
14 68 3
35 60 1
3 37 1
9 66 1
12 65 1
28 15 1
26 9 1
35 8 1
63 14 1
52 64 10
61 28 1
64 59 1
4 27 1
22 18 1
53 23 1
18 49 8
49 43 1
51 37 1
17 28 1
67 19 8
7 48 1
67 19 1
0 64 8
68 20 1
0 20 4
41 16 1
52 39 9
10 69 1
51 21 1
15 29 7
67 31 2
41 3 1
8 38 1
15 2 10
61 30 1
11 64 1
14 32 5
24 42 2
17 54 10
17 11 8
41 19 1
62 9 9
35 16 5
6 33 1
54 36 1
10 31 1
2 51 1
15 30 9
11 31 1
34 32 1
34 65 1
68 8 10
52 15 6
16 41 1
2 22 1
57 23 6
39 46 6
5 6 1
46 36 8
11 38 1
50 37 1
1 25 2
53 52 4
61 49 5
31 7 6
16 17 1
57 51 1
63 37 3
45 42 9
46 11 1
67 60 7
31 47 1
24 38 8
8 60 1
68 69 3
55 21 7
47 40 2
49 59 1
69 13 1
37 45 1
34 59 1
31 44 1
29 31 1
44 50 2
11 63 1
44 45 8
26 15 1
40 49 1
55 17 4
46 47 1
2 63 10
17 64 6
62 4 9
1 45 1
69 18 4
6 40 1
59 2 10
48 69 1
28 39 1
31 32 1
13 19 10
48 42 1
25 53 1
49 48 1
13 20 5
61 62 3
5 3 1
47 66 1
44 61 1
20 43 1
17 24 1
68 67 6
21 9 1
64 49 1
25 48 1
59 43 1
11 24 1
59 45 1
11 65 1
35 36 1
3 67 8
45 27 1
29 24 1
44 19 1
41 67 1
63 69 9
5 68 1
21 56 7
40 42 1
69 56 1
4 35 1
6 28 1
21 33 4
67 13 3
52 7 1
25 20 1
68 29 2
46 49 1
49 11 1
48 21 1
10 28 1
20 15 1
38 20 1
14 36 2
47 55 1
42 2 1
15 0 1
51 56 1
53 49 1
13 64 1
29 24 8
15 58 1
58 34 5
61 3 7
41 23 1
3 29 6
13 52 1
60 14 8
6 29 1
61 67 7
37 0 1
0 51 1
68 34 8
55 27 1
65 4 8
30 43 1
16 19 1
11 41 7
16 37 3
5 28 7
62 1 7
4 12 1
18 3 1
13 51 1
6 68 1
31 60 1
46 22 1
14 56 1
43 56 9
59 22 1
2 11 1
2 38 2
41 43 1
58 17 1
0 35 1
57 55 1
46 38 1
18 43 1
65 12 1
43 3 1
49 33 7
54 6 1
56 6 1
69 46 1
40 53 1
47 11 3
66 67 1
5 11 1
62 9 1
46 5 1
8 2 4
34 44 1
24 26 1
55 54 1
22 58 1
68 21 1
51 10 1
54 49 1
41 4 1
50 15 1
11 56 2
61 41 1
36 19 2
46 6 1
27 16 1
23 13 1
66 20 1
40 24 4
32 50 1
0 14 2
49 28 1
14 19 1
41 42 10
67 4 1
44 5 3
66 1 7
27 42 2
60 67 1
14 43 1
12 27 7
43 23 10
18 60 1
19 54 1
46 51 8
35 60 1
61 24 1
12 5 1
35 28 1
42 46 5
32 54 1
2 58 10
17 52 2
28 35 5
40 49 9
50 17 1
68 51 10
51 61 9
63 19 1
14 17 6
41 24 6
55 67 1
16 39 1
29 49 1
22 48 1
22 4 1
55 69 1
28 9 1
10 18 7
3 44 1
14 28 2
11 40 1
28 13 3
50 48 6
2 54 1
62 18 8
48 29 9
42 47 9
21 45 8
30 48 1
32 6 1
19 5 10
56 17 1
8 2 1
42 62 1
27 49 1
17 42 1
7 21 1
30 39 1
38 37 1
23 19 10
40 15 8
63 33 1
54 25 6
36 60 10
5 27 1
49 12 1
12 4 1
65 14 1
49 26 1
7 34 1
52 2 1
55 5 1
57 42 1
47 45 6
20 15 1
50 58 10
60 24 2
21 53 9
50 28 2
4 48 4
47 56 1
45 28 3
52 1 1
3 43 6
16 4 6
14 40 4
28 44 1
8 6 7
51 47 9
40 11 1
18 57 10
46 11 1
55 26 1
36 57 3
18 25 9
13 48 2
34 20 5
36 12 7
12 54 1
29 45 1
11 25 1
47 6 3
19 50 1
40 16 8
29 35 5
20 5 1
30 18 1
15 27 1
69 50 1
50 37 7
42 50 7
48 24 1
43 2 3
42 68 1
65 3 1
42 6 1
23 30 6
35 30 1
26 68 1
68 10 1
22 30 1
3 38 1
37 62 1
32 31 1
20 32 1
18 28 8
60 25 1
0 25 1
51 28 1
51 60 1
48 11 4
14 47 1
47 64 7
18 61 1
33 59 1
60 38 1
69 0 8
23 57 7
29 24 8
15 6 1
20 36 5
27 26 5
18 61 1
62 66 2
7 23 6
48 21 1
18 7 1
33 58 1
32 3 1
29 5 5
66 15 1
13 52 1
57 3 1
63 5 1
46 43 3
67 53 7
66 20 1
34 9 1
4 29 3
12 28 2
19 25 1
56 69 8
26 51 1
6 59 1
39 66 1
11 62 1
53 3 1
68 13 2
21 41 1
14 63 1
56 14 6
49 62 1
46 67 1
65 53 1
37 11 2
56 32 1
12 53 1
28 48 5
37 34 1
60 55 5
50 45 9
59 15 2
14 59 1
57 63 1
69 41 5
23 67 2
58 69 4
11 59 1
34 48 7
69 13 1
61 27 10
60 14 1
0 37 10
67 32 1
68 6 10
36 56 1
12 45 1
13 17 7
37 54 1
26 11 1
30 21 1
49 48 1
1 61 1
18 46 9
14 53 3
11 43 8
53 33 1
42 34 3
13 67 6
49 9 8
55 8 1
49 34 1
10 54 1
23 38 4
25 65 5
15 10 1
35 53 1
4 36 6
64 55 4
27 34 6
68 52 1
62 29 1
2 28 1
23 15 8
6 40 1
48 47 1
4 1 1
8 53 1
2 6 1
12 58 1
13 21 1
62 52 8
41 49 1
28 57 5
24 52 1
32 14 1
16 57 1
64 31 1
12 13 3
25 48 7
20 8 1
33 42 1
17 5 1
7 41 9
64 30 9
9 48 1
32 59 1
26 42 1
44 33 1
17 39 1
45 13 1
15 6 1
53 47 1
63 66 1
63 30 1
1 54 3
38 23 1
29 36 3
33 6 1
3 7 7
14 0 1
66 30 5
48 16 1
38 32 6
60 46 1
19 30 8
49 32 4
30 18 1
25 30 4
40 7 1
34 4 4
13 55 2
60 46 9
37 3 6
45 39 1
24 67 1
22 43 5
67 42 9
56 33 1
53 50 1
40 36 1
16 64 1
64 61 1
1 10 1
37 49 4
21 29 7
36 67 2
35 64 1
26 60 1
5 52 8
4 23 1
26 43 10
51 53 1
7 35 1
21 64 1
45 67 1
68 41 1
10 23 1
40 53 1
34 2 1
29 69 1
35 69 1
45 59 1
10 61 10
21 41 1
49 47 1
58 37 1
38 18 4
68 60 2
48 47 10
39 26 1
27 35 1
19 13 5
64 50 1
66 51 6
32 33 1
65 45 1
52 23 1
36 31 1
11 21 1
27 44 1
63 48 1
66 53 1
32 50 1
59 61 1
27 37 9
55 35 1
61 2 7
11 32 7
43 32 1
63 8 5
66 68 1
35 57 1
40 42 1
20 21 8
57 36 1
27 20 3
61 62 2
32 26 1
0 68 10
61 12 1
37 57 3
62 17 1
18 4 2
35 17 1
2 63 1
51 52 7
6 46 1
36 34 2
35 43 3
65 17 1
48 5 1
38 32 1
46 12 1
25 2 1
16 59 1
35 67 1
0 31 3
31 13 1
8 68 4
36 4 1
8 48 2
50 57 1
0 56 5
5 10 1
39 10 1
58 54 1
68 24 1
37 32 10
1 53 4
29 61 1
44 55 1
20 41 1
29 59 1
37 33 1
28 43 1
21 16 10
29 62 5
46 61 1
65 38 1
0 29 1
53 49 1
44 34 1
32 31 1
67 65 7
26 45 5
35 49 1
33 18 1
62 4 1
15 49 1
58 43 1
60 7 6
56 26 1
69 42 1
0 15 1
11 12 1
13 58 1
28 23 1
42 9 1
6 64 1
59 38 5
23 49 1
9 34 1
2 43 3
48 38 1
55 50 1
56 40 4
63 14 1
11 18 4
32 67 1
51 52 1
59 11 1
15 62 1
51 35 4
19 67 1
1 64 1
1 52 9
34 6 8
38 6 5
61 67 1
6 10 3
37 48 10
9 39 1
52 11 1
17 59 1
53 29 5
66 23 1
36 11 1
40 60 1
31 52 1
27 29 3
7 44 1
16 67 1
54 1 1
68 52 9
19 46 1
58 3 1
27 45 1
34 44 1
5 19 3
0 7 1
58 32 1
40 43 1
43 21 1
12 39 1
50 53 1
57 9 1
66 54 1
62 38 1
62 52 1
15 49 1
37 14 1
22 53 6
34 63 1
39 34 1
1 31 1
46 5 1
19 32 1
5 31 1
47 51 1
44 67 1
11 12 9
60 38 1
39 40 1
0 4 10
18 21 1
66 58 3
8 21 1
34 23 1
38 23 7
15 12 7
34 48 4
64 48 5
46 50 4
9 38 1
49 68 3
53 8 1
39 16 3
39 10 1
28 13 1
67 3 1
7 61 1
49 57 6
58 42 1
10 36 1
65 23 5
56 58 1
26 19 1
16 21 1
68 15 4
14 62 7
28 41 9
51 34 1
54 37 1
36 33 1
30 61 1
46 43 8
41 35 1
32 19 5
16 4 1
43 40 1
44 12 1
14 64 1
23 41 1
19 9 1
15 32 1
15 60 1
42 31 7
32 34 4
48 25 1
16 69 1
9 68 1
47 18 5
61 67 1
7 2 1
62 49 1
1 50 1
16 17 1
10 60 1
67 34 1
19 25 1
68 45 1
7 69 5
0 17 1
46 35 1
8 2 2
27 6 1
48 30 1
23 25 1
46 57 1
64 62 1
32 27 1
23 43 1
69 43 1
10 26 1
67 63 1
47 51 3
31 28 8
63 10 1
50 65 4
12 42 1
30 6 1
61 38 1
2 20 1
60 22 1
24 57 1
34 39 1
7 32 1
58 48 1
51 65 1
53 41 1
8 17 7
66 68 1
63 0 1
6 63 1
13 11 1
41 9 10
25 0 9
56 47 1
28 22 1
7 11 1
10 2 1
28 18 9
27 13 1
20 62 1
34 49 1
9 42 3
40 22 1
41 60 1
48 12 9
46 67 1
56 27 1
25 17 8
63 42 1
43 14 1
63 24 1
64 60 2
43 2 6
18 60 1
37 51 1
11 13 10
35 17 9
61 67 8
39 43 6
57 20 2
57 39 1
5 16 1
47 21 1
43 45 1
36 33 1
25 58 1
50 1 1
2 63 1
25 21 8
49 65 1
2 38 3
63 9 1
50 41 1
49 45 1
41 38 8
16 62 1
16 50 1
45 7 1
3 59 1
8 62 1
17 12 5
16 26 5
59 45 1
1 63 1
13 21 1
57 58 3
62 45 1
0 25 5
25 2 1
13 21 1
52 29 1
43 23 9
20 11 1
53 13 1
54 60 7
27 45 1
49 18 1
58 29 7
41 15 6
12 38 1
41 62 8
10 17 8
14 35 8
15 37 5
6 0 1
69 35 1
9 16 1
24 44 1
56 52 1
16 9 1
50 51 1
50 67 1
31 25 1
44 31 4
58 52 1
38 18 5
26 36 1
8 55 1
24 47 1
12 20 1
40 58 1
1 27 1
49 3 1
69 49 1
29 53 1
5 43 3
68 65 1
66 50 4
41 42 1
32 40 9
1 48 1
67 37 1
28 14 1
57 28 1
45 20 4
21 12 4
19 53 1
48 3 1
0 38 3
7 2 1
52 12 1
13 7 1
63 65 1
66 18 1
13 35 1
7 9 1
11 19 1
33 45 1
43 66 1
2 26 8
21 11 1
16 49 1
23 47 1
46 4 5
4 60 6
15 53 6
17 45 1
32 49 2
62 4 1
57 49 1
43 27 1
12 48 1
37 65 1
13 67 6
14 6 1
2 62 1
53 21 6
57 15 3
18 28 1
34 40 5
7 41 1
34 22 1
58 32 6
34 47 1
40 12 3
61 45 1
25 61 8
29 59 1
5 58 1
30 9 1
22 41 1
61 36 1
24 6 1
5 3 9
10 34 3
47 35 5
2 49 1
58 22 1
12 50 7
48 59 9
37 8 1
35 8 1
29 17 1
12 62 1
18 14 1
63 12 1
28 59 8
37 69 2
16 10 3
38 61 3
50 59 1
32 25 1
23 69 1
37 15 1
1 11 4
68 5 1
51 44 1
41 58 9
39 21 1
68 3 1
42 20 1
42 20 1
54 10 1
68 22 1
41 33 1
38 49 1
8 1 7
43 61 1
57 25 1
36 4 1
55 53 1
63 53 1
28 39 1
49 63 1
0 30 10
41 54 8
40 44 7
18 22 9
23 17 1
63 28 1
56 34 2
9 64 1
32 44 1
58 52 1
63 45 1
57 56 1
36 25 1
43 31 1
0 33 4
25 30 1
63 37 3
30 53 1
55 18 10
42 16 10
65 31 2
66 8 4
37 30 1
6 62 1
47 3 3
2 24 3
52 54 10
45 25 1
68 39 1
69 23 1
3 48 1
5 12 1
54 14 9
55 43 1
46 40 6
56 42 1
29 4 1
35 7 5
32 4 1
50 19 1
9 65 1
52 60 1
44 36 1
17 54 1
40 3 9
58 19 1
59 31 1
0 3 1
37 26 1
49 58 1
58 12 1
12 65 2
54 12 9
29 35 1
14 69 10
48 26 5
23 53 5
59 25 9
49 5 1
36 14 8
9 56 6
61 5 4
52 47 1
36 58 1
16 57 7
45 42 1
66 28 10
27 28 7
5 39 1
58 5 8
61 16 1
46 11 6
5 34 1
65 24 1
33 16 1
16 60 1
54 56 1
5 48 1
28 37 4
63 57 1
47 36 1
49 24 6
60 35 1
55 22 1
3 56 4
52 37 1
45 19 10
43 17 1
45 39 7
30 48 1
9 57 5
56 50 3
52 61 4
18 19 1
25 67 7
3 68 1
3 38 1
67 0 1
66 35 1
28 61 9
60 11 8
25 19 4
22 64 2
41 9 1
60 8 1
48 12 1
63 14 8
49 1 2
21 2 1
7 14 4
65 16 1
9 2 9
48 34 8
10 56 1
19 68 4
2 44 1
18 11 1
12 55 9
10 54 4
3 62 1
45 65 1
10 66 1
14 60 7
8 38 1
27 49 2
11 0 1
40 5 1
0 24 1
33 54 1
39 26 1
2 54 5
57 53 1
14 28 1
25 9 1
9 4 1
47 4 6
61 22 1
25 42 1
65 2 3
4 45 3
17 33 4
15 53 1
4 14 1
3 42 5
62 4 2
8 69 1
42 32 1
42 43 1
13 35 1
33 54 1
4 59 1
38 49 7
69 28 10
65 8 1
63 20 1
54 47 1
6 30 1
52 66 1
19 1 1
35 7 3
18 47 4
53 63 2
8 22 9
4 11 1
43 21 8
3 39 8
32 28 1
35 33 1
27 50 1
56 65 1
60 62 6
20 29 3
15 23 3
29 45 1
68 54 1
31 1 1
61 24 6
55 34 1
68 24 1
43 3 1
12 38 1
29 8 1
16 37 1
41 4 1
61 26 1
40 33 7
0 15 1
43 3 1
27 59 1
60 42 1
29 1 8
51 11 8
35 13 1
29 41 1
1 41 7
15 69 1
38 43 1
7 17 1
4 67 6
69 46 7
59 10 1
10 29 1
20 19 1
62 50 8
9 22 1
8 36 1
14 60 4
5 54 9
27 5 1
50 9 1
9 46 1
60 33 9
49 5 1
53 0 1
44 57 2
69 19 7
28 53 2
22 33 1
5 12 4
44 43 1
33 38 1
44 2 5
53 25 1
39 47 1
57 1 1
19 66 8
62 54 1
19 22 1
34 8 1
43 65 10
67 38 1
8 13 10
17 66 1
16 29 1
33 11 1
24 26 1
9 47 10
18 29 4
15 60 6
27 35 1
58 68 1
69 17 1
51 33 10
28 31 2
4 20 2
20 56 1
1 67 3
27 29 4
27 26 1
10 57 1
28 52 1
28 43 10
25 41 1
65 25 1
17 68 7
68 13 1
13 34 1
67 63 7
44 54 1
7 51 1
29 35 10
41 61 4
21 54 1
41 15 4
49 45 1
59 20 1
22 5 1
5 28 1
24 26 1
44 50 4
57 68 1
11 34 1
60 9 1
60 29 8
16 49 1
27 18 3
1 49 1
10 36 1
6 31 1
27 1 1
3 69 1
37 43 1
32 0 1
15 58 1
42 41 3
5 64 1
50 39 3
11 59 2
30 60 1
35 63 1
35 42 7
52 18 5
7 47 9
11 58 1
53 39 1
17 0 1
30 0 5
33 44 8
49 69 4
43 53 1
32 65 1
31 50 2
68 18 4
49 55 1
6 44 1
30 68 1
64 46 1
64 14 1
29 69 5
47 30 7
60 31 1
69 47 1
49 22 1
10 33 4
29 47 1
48 10 1
22 16 9
6 43 6
52 66 2
39 46 1
49 47 1
66 52 1
8 42 1
2 11 4
57 2 6
9 60 3
30 21 4
19 67 1
60 66 1
62 26 8
49 48 1
45 56 6
2 66 1
24 46 1
27 30 1
13 32 1
0 28 1
46 10 1
54 13 1
58 50 1
45 28 10
68 27 3
18 59 4
7 64 1
49 69 3
35 29 9
6 58 1
65 34 1
0 58 7
59 31 1
29 65 1
17 55 1
3 57 1
57 44 10
43 65 1
37 35 10
68 12 1
0 45 7
13 56 5
67 7 1
11 35 1
42 62 1
27 23 1
1 14 1
8 13 1
19 40 1
50 40 6
55 32 1
36 62 9
38 22 1
11 7 3
23 0 1
25 18 1
13 40 1
17 26 1
68 22 1
18 42 1
44 11 5
4 14 7
50 60 1
63 66 8
49 59 3
21 29 3
59 36 1
32 10 1
63 25 1
7 48 1
20 39 1
5 16 1
23 62 10
41 32 1
65 9 4
5 31 4
33 15 1
17 53 1
45 7 1
18 59 1
52 66 5
52 56 1
45 65 10
12 27 1
37 38 7
35 57 1
30 49 7
32 33 3
23 45 1
5 58 1
46 67 1
8 69 1
32 47 1
20 69 7
17 24 9
6 19 7
21 2 1
45 20 1
15 41 7
60 53 1
8 0 6
2 13 1
21 41 5
1 8 1
12 21 10
61 19 10
28 33 1
63 67 5
17 44 1
23 54 1
48 67 1
60 16 10
30 51 8
13 16 1
7 48 1
25 52 5
66 16 9
31 55 1
34 6 1
46 68 1
9 30 1
9 42 6
44 61 1
36 35 1
61 24 1
28 54 1
65 63 1
2 24 1
7 69 4
38 15 1
24 0 9
14 25 1
65 44 1
29 10 10
0 11 1
10 37 1
50 28 1
15 48 1
63 3 1
67 10 1
37 29 1
26 25 7
57 26 1
42 30 1
53 21 4
15 51 1
62 13 1
54 64 6
9 5 1
1 55 1
58 69 1
31 49 1
33 42 1
44 2 6
51 16 4
46 19 8
54 59 1
4 23 9
61 29 2
3 56 1
13 50 1
56 45 1
25 33 1
51 47 1
53 64 1
18 43 1
19 22 5
36 68 3
34 59 5
10 42 3
22 18 1
13 41 1
5 22 3
17 38 7
27 15 1
26 62 1
22 19 1
1 59 1
62 1 1
54 55 1
57 51 8
49 67 5
45 57 1
12 0 5
34 67 1
33 67 5
5 61 1
2 36 2
27 46 1
28 38 1
1 23 9
42 40 1
60 57 1
69 27 1
48 6 1
10 53 3
36 56 10
32 37 1
67 14 1
57 61 5
30 38 1
47 54 1
58 60 10
63 14 5
63 46 1
22 26 6
38 67 5
5 4 1
13 65 7
69 3 1
52 66 4
40 45 1
54 31 1
69 24 1
67 17 1
51 17 1
23 27 1
50 18 1
28 58 1
27 26 1
54 58 4
59 2 1
54 35 7
51 11 1
29 66 8
61 37 1
31 55 1
25 29 1
39 10 7
32 16 6
13 64 8
16 49 1
58 33 10
60 42 1
12 32 1
18 52 5
41 1 1
60 69 3
53 33 1
41 0 1
9 20 1
49 48 1
32 12 1
16 3 1
65 44 8
10 5 1
63 57 1
41 25 1
52 26 1
58 11 1
64 63 5
52 58 1
38 37 7
33 25 1
67 37 1
68 36 1
46 31 1
53 44 1
6 39 1
30 7 1
56 17 1
48 57 1
3 36 1
49 29 1
62 30 1
46 1 5
61 68 5
27 11 4
47 18 1
55 21 1
61 36 1
53 39 1
8 65 5
30 24 8
0 67 7
44 54 4
27 0 6
67 16 4
69 12 1
41 40 2
51 29 1
5 34 6
54 26 1
58 7 1
5 57 3
57 34 1
56 64 1
17 64 1
61 40 1
58 31 8
50 44 1
61 33 10
29 12 1
35 60 1
56 25 1
0 53 1
64 13 8
12 29 10
3 24 1
57 28 6
25 27 1
29 6 7
28 42 1
47 6 8
50 66 1
3 42 1
61 7 1
43 14 1
67 24 6
27 69 9
23 33 1
21 37 1
18 40 1
42 66 1
13 24 1
23 5 7
44 54 10
25 23 1
10 69 10
61 64 9
37 49 1
49 11 1
64 7 1
59 33 1
35 24 9
4 38 1
64 23 2
31 16 1
65 20 9
44 7 1
69 27 1
15 32 1
55 43 1
45 14 9
53 49 6
31 17 5
20 50 1
5 56 1
9 25 1
10 58 4
43 49 8
64 45 9
45 6 4
10 35 10
12 18 1
55 33 1
68 37 1
36 31 1
5 53 4
67 17 10
23 45 1
50 53 1
3 26 1
47 10 1
50 41 1
29 13 1
61 15 1
46 27 10
26 11 5
11 54 1
64 7 1
68 10 1
36 49 1
19 10 1
53 25 1
10 1 1
62 67 6
62 56 1
6 62 1
41 60 8
26 42 1
17 39 8
18 58 1
16 32 1
31 36 1
8 44 2
30 17 7
61 51 10
17 55 1
52 31 6
54 36 5
58 59 1
18 44 1
38 22 1
45 40 1
13 8 9
60 56 1
68 6 10
38 25 1
8 17 1
54 10 4
6 18 1
9 26 1
2 10 1
42 23 1
8 66 1
4 65 1
46 39 1
58 33 1
8 24 3
39 54 1
46 22 1
35 22 6
38 10 2
53 23 1
53 23 3
10 35 3
5 58 1
34 9 2
50 7 6
66 35 1
51 0 1
38 44 1
18 20 2
68 63 8
57 2 1
27 31 1
9 40 6
27 43 1
60 26 8
68 41 1
4 15 1
11 8 1
14 20 1
13 40 7
55 49 1
55 57 1
20 12 1
61 28 1
20 39 1
31 33 1
10 2 1
38 36 1
30 1 3
51 29 1
30 42 4
44 21 1
36 49 7
18 32 1
19 37 1
0 27 1
18 56 1
33 9 1
43 19 1
41 3 1
59 47 1
24 28 1
2 41 9
17 28 1
0 66 1
27 18 4
66 47 3
34 63 1
54 5 2
42 69 1
14 26 1
29 51 1
53 31 1
37 43 1
59 36 1
50 1 9
62 51 4
55 25 1
28 4 1
61 46 4
61 38 1
1 38 7
56 19 1
51 59 1
3 64 1
4 6 8
2 41 8
53 39 8
8 3 1
68 6 1
8 56 1
15 46 1
60 17 1
33 59 5
2 23 5
31 36 7
5 28 6
41 22 1
36 54 1
7 65 1
19 69 1
25 68 10
34 49 1
63 68 1
28 61 3
42 49 8
29 68 3
26 48 1
29 5 2
54 60 1
0 28 4
0 46 1
37 38 1
30 17 7
54 2 1
59 34 10
34 14 8
1 14 1
59 42 1
41 52 9
37 47 5
14 49 1
30 59 1
20 36 1
26 1 6
23 57 1
11 38 9
45 19 1
13 19 10
29 68 10
27 1 6
50 28 1
22 35 10
54 69 1
7 10 1
48 22 5
26 14 1
39 52 4
28 43 1
7 59 1
20 1 1
52 30 1
9 39 9
29 33 1
9 37 9
60 29 1
26 8 1
65 46 1
28 15 10
11 66 1
16 54 1
13 43 1
51 32 1
68 29 5
16 59 3
16 67 1
7 65 1
18 16 1
6 48 8
10 3 5
56 5 1
19 16 9
32 66 1
45 7 1
41 33 8
67 6 1
64 63 1
25 16 1
22 20 1
10 50 1
53 8 6
69 40 1
51 35 1
50 68 1
28 44 1
2 26 1
32 29 10
17 34 1
58 9 1
27 38 1
40 21 1
49 11 8
53 44 1
29 41 2
54 0 1
17 6 9
46 17 3
41 68 7
46 29 10
54 49 5
69 44 8
12 38 1
67 9 5
17 24 10
16 17 7
42 2 3
17 5 1
1 29 1
11 36 2
59 41 8
0 48 9
9 38 1
38 5 2
12 6 1
8 61 1
6 24 1
61 52 1
1 55 1
35 23 7
14 21 1
19 45 2
53 6 1
10 27 1
28 30 5
67 10 1
62 10 1
17 2 1
59 31 1
31 58 10
5 53 1
63 18 6
25 26 1
22 13 2
9 47 1
1 37 1
27 63 7
53 32 1
36 52 1
2 13 1
61 36 3
24 56 4
29 17 9
63 49 5
63 49 1
22 25 2
46 20 5
45 43 6
11 54 3
9 19 1
44 58 1
69 65 9
65 21 4
47 16 1
23 60 1
37 26 1
68 43 1
29 17 1
25 3 10
3 14 1
8 2 1
44 55 1
59 4 2
30 19 5
33 16 8
1 67 1
5 56 10
66 47 2
2 34 1
34 50 9
17 3 1
3 40 2
22 51 10
41 37 1
36 54 1
38 59 7
59 32 1
42 34 1
17 55 7
53 9 1
0 66 1
24 35 1
12 65 1
63 28 1
29 17 8
15 44 1
59 19 1
35 63 2
28 4 1
65 5 1
23 46 1
31 11 1
29 7 4
51 0 1
17 50 1
42 10 1
19 24 2
33 19 3
12 59 1
42 3 1
52 64 1
37 20 10
51 5 1
6 20 10
59 49 1
33 41 9
12 47 10
52 2 1
49 46 1
27 48 1
31 12 1
9 52 5
24 46 1
15 32 7
65 21 5
42 41 6
21 60 1
46 41 5
40 5 6
11 39 1
11 44 3
8 9 1
10 32 3
59 36 1
53 24 1
23 32 1
51 19 1
24 59 6
7 29 7
66 5 4
19 38 1
20 9 1
35 29 1
22 51 9
4 45 5
57 44 7
38 1 1
9 29 4
69 17 1
55 3 1
24 14 1
21 9 1
21 11 1
1 23 7
32 43 1
27 8 1
9 37 8
58 11 6
19 13 8
63 20 4
61 56 3
58 69 1
25 57 6
9 53 5
36 52 1
62 49 1
46 16 9
63 12 3
49 31 1
4 46 6
62 19 1
51 44 9
68 5 5
9 8 4
29 40 3
60 50 1
41 65 1
57 9 1
30 37 7
26 59 1
39 69 1
0 62 1
16 21 1
0 21 1
45 47 1
63 15 1
62 48 5
0 31 1
49 35 9
13 64 1
20 22 1
38 12 9
25 0 4
43 62 1
45 56 3
31 18 1
57 49 1
40 22 1
68 2 1
5 20 1
36 55 5
46 33 1
2 13 1
38 27 1
7 30 10
54 14 1
36 29 1
30 11 1
31 38 7
60 19 6
30 40 10
54 30 1
19 24 1
6 57 1
1 58 1
31 10 1
8 14 8
20 43 1
41 65 1
65 8 1
54 29 1
22 44 2
19 15 4
12 19 1
63 2 4
51 24 5
45 11 2
26 30 1
31 50 1
20 49 3
3 67 1
28 13 10
52 4 8
20 43 1
32 21 5
60 51 2
27 42 5
15 57 1
2 35 1
43 30 1
64 11 1
23 50 1
7 52 7
8 44 4
13 25 10
40 7 1
30 31 1
20 52 10
51 31 4
49 69 1
57 5 1
48 8 9
26 16 1
30 64 6
1 61 9
63 31 1
27 64 1
4 66 1
24 37 1
41 24 8
41 34 1
1 19 5
29 23 1
31 34 1
9 46 1
52 7 5
14 63 1
2 14 5
41 14 5
7 12 1
29 14 7
48 66 8
34 30 1
32 33 6
15 51 1
63 65 8
19 65 1
69 11 5
35 69 1
5 13 1
43 5 1
44 66 1
22 3 4
38 12 1
27 13 1
32 31 1
65 18 4
33 39 10
37 61 1
15 23 1
55 37 6
69 3 4
51 1 1
27 9 3
32 4 1
48 27 1
37 19 1
29 11 1
43 39 1
69 9 1
48 37 1
19 64 1
68 5 1
44 59 2
28 27 1
47 27 1
14 9 1
25 17 10
19 57 1
2 33 8
68 26 1
0 66 1
63 49 1
15 35 1
14 35 1
63 53 1
44 21 1
65 32 3
69 3 1
32 47 1
35 64 10
17 44 1
12 63 1
68 46 1
64 10 5
49 45 1
20 50 1
11 43 2
62 36 2
45 29 1
21 65 1
38 22 1
48 69 6
10 66 1
65 0 1
37 31 1
20 40 3
27 40 2
41 10 10
12 0 10
33 46 1
50 2 1
55 52 6
34 24 9
16 13 1
67 46 1
12 69 1
24 52 1
57 38 1
16 66 10
46 47 1
30 29 8
58 1 1
58 23 1
45 3 10
35 31 1
29 34 1
65 3 1
23 9 1
30 40 1
49 57 4
16 38 1
15 14 1
6 22 1
45 54 1
34 10 1
62 15 1
67 55 5
40 5 1
69 31 8
10 52 10
14 18 1
64 26 1
10 21 1
49 58 1
30 59 10
34 8 3
11 37 1
46 31 1
66 38 1
54 44 1
54 27 2
18 52 1
32 1 1
28 25 1
35 68 2
54 56 9
60 7 1
8 38 1
8 4 5
55 57 1
41 29 6
64 58 1
21 45 1
63 49 1
21 61 1
44 46 3
25 26 7
43 49 1
55 9 1
31 43 7
18 58 5
51 42 10
35 42 1
26 41 1
50 53 1
63 11 1
53 9 5
3 21 8
9 18 1
21 53 1
54 32 1
37 35 1
21 64 1
3 18 5
55 64 1
5 29 7
13 10 5
12 37 5
23 53 1
34 54 1
61 63 1
16 29 1
52 63 3
0 52 1
42 67 7
33 1 1
4 65 1
18 39 5
12 65 1
14 29 1
62 38 3
15 8 7
12 10 10
45 14 1
44 39 1
67 50 1
62 60 1
57 9 1
26 33 1
18 3 7
18 53 1
24 40 9
12 57 2
19 47 6
62 30 1
14 5 1
36 32 10
22 58 6
6 30 1
61 42 1
51 19 9
31 60 1
69 15 7
4 55 1
32 16 5
56 66 1
52 32 1
9 52 3
23 38 7
9 25 1
4 22 1
11 5 1
23 44 1
8 52 3
1 10 1
15 24 1
37 39 7
6 66 1
1 26 1
45 26 7
21 8 1
30 14 1
47 59 1
22 34 4
67 56 4
26 29 5
21 27 1
62 28 5
1 52 1
45 64 1
32 51 1
37 29 1
54 34 1
3 38 6
1 47 3
2 8 6
33 39 2
52 58 1
50 8 1
56 6 1
48 6 8
4 61 3
17 23 1
10 23 1
56 51 1
51 40 1
15 59 4
17 61 1
41 45 1
41 49 1
12 49 5
67 30 8
38 21 8
62 63 1
10 35 4
31 65 1
61 15 7
22 2 1
60 0 6
2 41 1
63 13 1
4 15 4
20 18 1
9 69 1
30 47 3
61 50 8
68 45 2
8 33 1
14 64 1
19 46 1
44 13 6
19 27 3
36 52 6
26 13 10
8 41 4
8 63 1
49 47 1
49 27 1
37 20 1
58 8 1
22 21 1
1 26 3
65 41 1
54 30 1
58 36 1
19 29 1
20 52 1
47 28 2
67 46 1
27 62 4
22 69 1
16 52 8
14 29 2
4 12 4
51 3 1
4 9 1
63 8 1
47 28 1
59 11 1
63 67 1
56 46 1
43 12 1
27 46 2
44 0 1
2 30 2
18 13 7
48 38 1
35 28 1
21 58 1
0 68 8
31 62 8
61 30 1
60 10 1
41 38 1
56 49 1
45 42 1
43 7 2
37 51 1
47 59 3
16 48 1
7 40 9
27 33 1
33 35 1
8 30 2
56 28 9
37 49 8
7 63 1
13 4 1
11 36 1
16 53 1
61 60 1
29 14 10
4 11 1
14 6 1
69 12 1
38 34 1
21 43 1
4 28 1
67 50 9
69 43 1
57 54 1
21 66 1
58 13 1
28 26 1
3 67 1
23 65 1
38 41 7
58 66 1
64 40 1
23 46 1
6 56 3
27 57 1
65 46 1
42 9 5
55 20 9
10 23 10
69 43 3
6 66 1
37 8 4
14 5 1
64 20 1
16 49 1
16 45 1
5 49 1
65 2 1
68 58 10
17 7 1
27 14 1
43 36 10
27 49 5
9 49 2
4 3 1
38 4 8
0 25 10
8 39 1
2 37 8
11 23 2
0 69 8
50 4 7
22 6 8
41 10 6
8 17 1
29 39 1
14 6 1
34 44 5
14 26 2
5 49 5
19 20 1
51 40 1
49 34 1
63 29 2
37 48 10
60 23 1
51 28 1
2 30 1
25 38 10
1 12 1
53 39 1
52 56 1
23 46 5
22 38 1
0 16 1
16 49 9
28 42 1
3 5 4
10 43 2
12 15 4
17 29 1
0 62 4
59 36 10
51 65 1
16 65 3
4 57 10
17 61 10
36 61 6
42 62 1
67 39 9
1 61 1
17 35 1
40 20 1
33 64 4
56 18 1
12 29 1
51 61 1
23 34 1
11 23 1
23 63 7
62 48 1
23 57 1
34 9 1
16 53 6
57 66 1
24 33 1
49 5 1
12 31 1
3 14 1
53 3 2
26 60 1
50 10 1
23 45 1
0 44 1
47 37 6
51 57 4
32 66 9
37 1 1
18 28 1
10 6 6
22 36 1
14 33 1
16 39 1
32 13 1
49 0 1
43 26 1
25 31 4
40 35 1
60 37 1
58 56 10
69 10 10
28 65 1
52 47 1
40 11 1
34 26 1
15 58 1
69 33 1
6 12 5
25 68 1
31 25 1
68 12 9
62 32 1
67 18 5
65 39 1
8 10 7
11 7 1
55 16 2
60 47 2
47 21 9
20 38 7
61 1 7
30 27 4
68 5 3
32 61 6
6 0 3
21 62 6
49 25 1
5 8 9
33 9 9
21 9 1
24 13 10
12 65 1
0 52 1
9 69 10
9 30 8
61 32 1
10 55 1
66 69 1
38 23 1
23 14 1
48 31 1
12 61 1
1 42 1
6 34 1
26 12 9
55 17 1
4 67 1
13 55 1
36 8 10
64 25 1
46 67 7
59 29 1
25 24 9
8 38 1
69 32 6
26 40 2
12 64 1
53 48 1
46 56 4
8 53 1
42 38 1
31 14 2
18 8 1
63 64 1
39 47 2
67 20 1
40 17 1
11 39 1
67 4 1
0 21 1
18 69 8
39 8 4
25 43 3
26 42 3
19 2 1
9 61 4
58 25 4
65 18 1
50 41 1
15 19 5
26 47 9
50 46 6
56 41 1
9 31 7
25 30 1
27 29 1
69 26 1
15 2 1
64 38 2
33 0 1
24 6 2
11 12 1
54 53 4
19 31 2
40 64 2
19 53 8
6 3 1
53 5 1
47 41 10
14 44 10
13 63 1
26 18 1
10 23 1
11 41 1
14 44 5
33 55 1
24 42 2
42 48 1
57 36 10
67 66 7
63 67 1
66 6 1
16 20 1
39 17 1
38 55 1
56 33 6
24 62 6
46 0 1
36 58 2
60 30 6
11 19 9
49 4 1
49 58 8
69 14 1
53 34 1
49 36 4
63 31 5
36 18 4
57 6 10
42 52 1
9 54 1
14 67 3
24 18 10
65 55 1
21 58 1
17 12 1
50 56 6
43 36 1
38 16 10
8 33 1
56 52 1
2 17 1
34 17 1
60 66 1
32 47 1
47 65 1
38 0 1
8 3 1
54 8 5
35 10 1
33 49 1
7 23 4
52 47 5
32 33 3
17 9 6
23 48 3
25 62 1
22 33 1
57 19 7
17 35 1
19 11 8
23 16 1
65 32 1
27 16 1
32 3 1
67 64 1
35 60 4
57 20 1
39 57 1
24 68 1
23 5 1
3 56 5
28 0 1
16 25 3
38 20 1
39 16 1
55 15 2
20 9 4
53 17 5
32 68 1
36 57 6
61 7 1
32 7 1
22 65 1
24 64 1
31 20 9
20 21 5
69 22 1
64 31 4
4 63 1
38 6 6
7 13 1
47 20 1
30 47 8
34 60 1
34 65 1
69 10 7
65 51 1
6 57 1
27 50 1
26 69 2
47 53 1
54 17 1
40 22 1
61 59 1
33 67 1
2 45 3
12 36 1
43 62 2
60 54 1
55 30 1
63 28 8
53 52 1
12 37 1
68 53 1
41 1 3
47 46 1
60 24 1
21 54 1
35 13 1
30 27 1
69 60 2
21 14 1
43 52 1
47 34 9
68 24 2
41 18 1
1 56 1
68 58 2
13 26 1
38 0 3
53 39 1
58 54 1
11 1 1
22 35 1
57 43 1
62 35 1
5 1 4
19 30 1
52 18 5
21 15 1
1 44 2
55 13 1
1 60 1
16 48 4
60 32 7
15 41 3
26 39 1
31 56 3
19 51 1
14 4 3
69 37 1
44 66 3
31 28 1
10 25 1
41 28 1
38 8 1
12 4 1
24 20 9
4 45 1
22 61 1
48 25 4
3 21 4
0 5 4
56 32 1
12 17 1
39 54 8
55 67 1
13 9 1
34 16 1
28 51 1
5 22 1
53 14 1
51 26 8
64 36 1
68 25 1
16 67 4
46 59 1
54 51 1
18 24 9
56 27 1
7 14 1
12 9 6
48 13 1
26 10 1
14 36 1
16 28 8
54 51 2
2 34 1
63 40 1
36 40 7
65 56 1
25 42 1
35 44 2
52 28 1
44 56 1
6 53 1
5 21 4
6 7 1
29 18 1
10 40 1
6 43 1
46 9 9
5 33 1
64 32 1
49 64 2
66 29 1
3 37 9
39 62 8
58 18 1
37 28 8
23 14 1
60 25 6
35 62 2
8 58 1
22 10 1
45 21 9
3 43 9
45 24 1
44 32 1
32 30 1
0 13 2
7 14 1
46 62 1
65 42 1
25 44 10
54 14 2
1 66 1
7 40 1
49 14 1
42 49 4
8 2 10
56 32 4
52 35 9
38 51 1
42 19 1
0 23 1
65 63 1
5 28 1
43 63 1
57 43 8
8 20 1
9 36 1
30 26 6
12 57 2
50 48 1
45 51 1
57 42 1
46 29 1
64 50 5
14 60 7
30 13 1
65 51 4
10 59 1
37 8 3
24 33 1
49 31 1
61 0 6
35 21 1
53 18 1
65 67 1
57 60 2
29 33 4
66 67 1
27 69 1
43 62 1
42 52 1
56 57 1
14 9 1
7 2 1
58 41 1
25 15 1
36 46 2
41 45 3
37 6 1
7 42 1
11 43 1
14 34 9
52 1 3
5 8 1
8 35 1
18 41 1
23 21 1
51 46 1
21 0 1
46 40 1
19 28 3
30 44 5
17 40 1
49 68 1
5 8 1
16 60 3
36 69 6
0 58 1
36 11 1
64 57 1
15 58 1
29 57 1
61 44 1
3 49 2
12 24 1
23 68 1
9 15 3
29 32 9
53 0 1
68 33 10
7 53 1
65 25 1
62 24 1
50 33 1
56 62 10
1 65 10
27 40 1
7 20 3
28 11 1
23 12 1
53 64 2
13 29 9
12 10 1
68 44 9
30 20 5
18 59 1
37 53 1
21 59 1
66 8 9
36 54 1
18 13 10
15 64 1
43 47 1
26 20 3
11 5 1
21 53 8
35 54 1
38 8 10
35 36 5
29 28 1
62 17 1
30 41 1
35 8 1
7 12 1
56 50 1
20 13 1
68 9 10
5 12 1
25 1 1
55 1 3
19 69 1
13 22 1
53 8 1
39 69 1
21 37 10
60 41 1
29 46 1
27 34 1
40 56 1
35 44 1
12 16 1
49 23 5
17 6 5
17 6 1
24 37 4
60 18 1
35 23 1
50 12 1
61 36 1
50 8 9
18 42 4
32 59 1
48 7 8
9 22 8
47 52 1
20 47 3
64 6 1
40 39 1
67 23 1
32 22 1
56 5 1
60 41 1
15 36 1
1 10 6
21 48 1
1 27 8
19 1 1
3 35 2
8 24 8
66 24 1
33 32 9
69 54 1
59 49 1
39 65 1
29 42 2
48 59 1
10 21 1
27 1 1
25 13 1
65 55 1
16 56 1
63 18 3
53 49 1
1 41 1
55 51 10
14 59 7
46 15 1
42 15 1
51 21 8
45 31 1
57 10 1
20 4 7
37 25 7
60 33 1
22 46 9
47 40 1
49 40 5
27 29 1
46 12 1
4 14 5
54 18 3
63 2 1
28 22 1
34 49 5
46 18 1
57 0 1
52 64 1
16 48 1
45 16 5
41 39 1
2 60 1
16 56 1
31 38 5
6 59 6
69 33 1
18 23 1
63 14 1
43 1 1
31 32 1
67 3 1
44 16 1
64 40 1
5 59 6
42 49 2
41 16 1
35 38 7
8 26 7
65 41 1
25 67 1
25 51 6
46 66 1
65 10 1
30 37 1
42 2 1
60 48 7
31 29 8
69 12 1
52 69 3
30 57 5
61 25 2
41 46 1
5 64 1
40 19 1
14 15 1
35 4 1
27 69 1
38 42 2
41 36 1
0 43 9
60 24 1
33 25 1
5 55 1
41 27 1
51 45 1
22 47 1
60 50 1
51 20 1
64 55 1
7 19 1
57 52 8
54 19 1
38 49 5
57 19 1
3 50 8
20 44 1
8 62 1
67 23 1
56 17 4
35 5 1
64 42 5
20 42 1
57 21 8
14 23 1
36 47 1
51 47 1
58 55 1
49 6 3
7 48 1
8 54 1
7 1 1
57 0 8
0 28 1
34 1 8
46 27 6
2 69 1
22 38 1
29 56 8
62 59 1
20 54 9
34 55 10
17 14 1
53 29 9
43 58 1
8 54 1
43 52 1
56 10 1
29 32 1
0 20 1
26 24 2
8 25 1
68 60 10
7 67 3
37 29 9
53 16 1
9 27 1
37 40 6
6 61 1
14 38 1
25 4 7
56 11 1
64 21 1
53 58 3
19 7 7
60 17 1
67 7 1
44 33 6
10 59 1
56 28 3
29 34 1
53 33 3
63 37 1
4 65 8
58 32 6
40 23 1
33 24 1
69 3 3
12 58 1
4 37 1
41 14 9
40 7 1
66 30 8
1 38 1
45 4 1
32 57 1
43 34 1
9 7 1
49 11 1
43 0 4
35 44 10
2 52 6
51 52 3
61 4 3
18 1 6
68 38 1
41 5 3
6 44 7
63 66 1
61 6 10
41 37 2
33 56 1
25 38 1
21 13 1
21 27 2
4 61 1
48 45 1
2 58 3
61 4 1
54 58 1
38 44 1
55 0 1
67 18 1
24 3 1
35 0 1
44 29 1
4 40 7
4 0 1
34 36 3
17 5 6
7 54 1
20 36 1
54 42 7
33 52 1
61 23 9
21 11 1
43 50 1
34 56 1
4 53 1
44 32 1
35 38 1
51 47 1
66 21 4
14 38 8
57 31 1
6 29 1
3 22 9
64 24 1
19 63 9
10 19 1
13 12 9
59 21 1
44 15 9
66 5 1
9 30 8
60 62 2
0 45 4
13 42 4
60 51 1
27 58 1
13 2 10
27 38 1
42 15 1
50 11 1
52 0 1
14 21 3
59 22 4
19 4 8
59 36 8
47 36 9
56 35 4
34 33 1
53 22 9
18 52 1
36 11 1
26 43 1
17 62 1
24 1 1
40 7 1
17 3 1
68 0 1
39 1 1
13 30 6
45 8 9
1 53 4
4 26 1
26 50 1
29 52 1
25 60 1
36 54 10
53 50 8
55 31 1
4 1 1
68 8 1
31 62 1
17 39 1
49 69 1
44 40 1
40 3 10
37 49 1
2 59 5
66 33 3
13 37 1
0 22 1
68 11 1
62 17 1
26 68 3
39 69 10
67 61 1
32 27 1
46 2 1
11 44 1
69 21 9
19 45 4
54 48 1
14 45 9
32 12 1
5 26 2
43 49 1
16 52 1
1 54 7
60 62 7
34 25 3
30 29 1
34 49 1
36 21 3
0 7 6
32 65 1
63 59 1
0 16 1
1 21 1
19 31 1
21 30 1
34 55 6
10 35 1
41 11 8
10 53 1
67 38 1
17 46 1
61 29 2
51 17 1
65 25 1
41 17 1
69 64 1
55 61 9
22 30 3
57 32 1
13 48 1
48 62 1
67 38 5
43 41 1
50 60 1
47 38 1
48 16 1
44 66 2
30 48 1
45 36 8
41 5 1
43 1 1
63 52 1
57 12 8
34 42 1
29 69 1
45 58 2
53 61 1
22 45 4
54 13 2
44 12 1
50 35 9
54 55 1
0 51 1
66 33 1
23 2 6
15 7 3
39 19 2
30 21 2
61 31 1
14 18 1
16 21 1
27 56 1
27 54 7
50 44 1
7 6 1
53 51 1
37 25 1
35 39 1
41 0 1
20 15 1
61 5 1
13 55 1
65 36 1
65 7 1
46 69 6
61 15 9
30 8 1
35 22 1
40 33 1
2 54 1
39 48 1
56 32 3
42 34 1
18 68 1
40 10 1
5 40 1
8 64 2
62 49 1
20 11 7
8 65 3
4 20 7
50 1 7
67 7 10
35 9 1
69 42 1
15 61 2
39 21 1
33 22 2
43 32 1
56 9 1
25 29 9
56 51 1
67 39 6
19 30 1
10 54 8
14 67 1
41 3 10
62 0 9
57 56 1
35 20 1
54 62 1
38 36 1
63 26 1
67 19 9
20 23 1
68 11 1
54 14 1
35 43 4
21 8 9
47 65 1
64 35 8
12 65 7
27 63 1
26 34 1
64 31 7
50 0 2
34 67 1
50 27 1
9 63 3
52 66 8
12 19 8
53 36 2
46 1 1
43 60 1
13 41 1
33 38 3
34 18 8
53 64 1
62 18 3
20 13 2
9 45 1
56 8 1
20 58 1
67 47 1
23 0 1
39 23 9
2 13 1
36 40 1
22 46 1
58 47 2
30 28 4
16 28 1
5 2 1
48 55 1
25 59 1
58 69 9
60 14 5
13 59 9
8 21 1
32 19 3
24 1 1
64 7 6
51 6 1
31 20 1
51 34 10
57 5 1
25 49 10
5 24 2
52 9 1
60 56 1
36 9 6
24 8 1
61 52 1
17 20 8
50 55 1
40 43 1
59 54 1
46 24 6
31 63 1
57 58 1
65 12 8
0 37 4
17 51 5
46 68 1
4 63 5
65 61 1
47 42 4
9 42 1
21 45 1
28 27 1
26 56 1
18 40 1
8 30 1
45 65 10
15 30 1
37 50 10
65 15 5
66 13 7
18 10 1
22 65 1
30 36 1
16 63 1
16 25 2
27 31 9
10 2 1
40 27 1
14 40 5
24 31 1
24 31 1
32 22 1
40 26 9
51 62 1
24 34 1
28 26 2
50 15 1
69 7 1
8 67 10
47 49 10
47 44 3
12 44 1
12 53 1
51 12 1
47 15 5
58 2 9
16 10 1
28 21 1
29 5 1
23 38 1
23 48 7
24 18 1
29 21 1
49 55 1
20 3 1
22 60 7
65 62 4
41 45 1
15 19 10
11 68 1
2 67 4
53 14 3
22 31 4
63 21 1
46 16 1
14 6 9
0 21 6
15 17 8
69 40 5
57 58 1
28 3 9
43 29 1
23 28 1
20 50 1
8 15 1
35 66 6
28 7 1
13 16 9
42 30 5
40 46 1
7 64 1
37 35 1
0 68 1
58 37 1
3 45 1
6 47 1
30 8 6
46 67 1
10 1 10
0 4 7
66 35 1
53 64 2
19 22 7
62 67 3
50 14 5
10 52 1
38 0 1
25 12 1
61 13 1
24 49 3
24 64 5
57 48 9
40 31 1
25 43 10
53 32 1
7 22 1
68 4 1
33 67 7
9 45 1
26 57 4
54 0 4
22 1 3
36 47 1
3 63 1
46 2 7
41 5 8
27 68 1
22 43 1
43 64 2
11 33 1
10 4 1
17 59 4
60 68 1
52 61 4
0 17 6
8 63 1
31 26 2
66 43 4
65 43 9
56 33 1
55 32 1
8 36 2
26 39 8
67 44 1
39 66 1
15 36 1
12 24 3
26 47 1
42 20 1
59 9 6
47 0 10
38 18 1
36 21 7
12 65 1
2 1 1
36 2 1
13 61 1
4 39 9
18 36 1
16 41 1
35 65 4
46 26 1
15 3 1
10 32 1
38 61 7
59 40 1
59 36 8
10 19 10
55 37 1
58 42 3
48 6 1
19 4 6
40 65 4
45 33 1
35 64 3
42 58 1
44 17 1
69 67 1
23 25 7
54 68 7
39 7 1
33 66 1
15 0 1
19 44 1
67 30 1
8 37 1
32 47 1
14 9 1
25 54 1
54 17 1
4 21 1
65 0 1
40 4 1
34 9 1
25 3 5
2 46 1
52 38 6
60 29 1
58 11 1
7 22 1
34 13 1
61 2 6
43 53 8
65 28 10
46 2 1
26 12 1
30 66 1
63 7 9
5 23 1
45 59 8
41 15 1
33 69 1
9 6 10
51 3 1
3 58 1
47 63 8
46 8 1
26 40 1
34 8 8
64 17 1
11 59 8
15 60 1
10 36 1
45 62 1
0 26 8
40 54 1
19 28 1
33 41 1
27 32 9
56 52 1
15 54 1
1 58 9
23 5 8
19 48 4
7 67 1
66 11 1
43 4 1
11 50 1
54 17 9
38 7 6
57 42 5
3 39 1
4 68 1
14 66 3
52 24 1
27 66 1
36 54 4
62 17 6
0 2 10
28 3 1
58 43 3
17 21 1
66 32 1
51 41 7
32 55 1
40 13 1
56 9 7
57 52 5
55 56 3
41 53 3
39 2 1
12 34 1
20 6 9
55 21 1
50 5 2
67 18 7
6 22 4
57 37 1
26 41 1
13 59 6
49 10 1
18 21 4
17 7 10
31 66 1
37 25 1
30 15 7
32 15 1
31 63 1
32 0 1
66 17 9
64 22 2
42 8 1
37 19 1
57 60 3
9 8 1
18 40 3
51 1 5
66 3 3
25 61 1
38 1 10
68 31 3
21 52 1
54 20 7
33 35 10
37 27 1
44 6 3
8 25 1
50 39 6
31 28 1
44 5 1
34 38 1
8 32 1
10 31 1
61 57 1
21 52 1
30 55 1
61 62 5
64 4 1
6 17 1
13 28 1
8 69 4
66 43 1
1 7 1
14 49 1
56 13 7
5 61 1
52 48 1
17 23 1
57 48 1
8 29 1
47 64 1
8 3 1
5 7 10
46 27 1
1 8 6
62 12 1
16 54 1
29 4 1
12 52 1
28 35 1
44 30 1
1 39 2
15 25 1
51 38 1
50 5 1
21 3 1
17 46 9
22 24 6
4 18 1
59 33 1
59 67 8
20 2 1
55 30 1
6 39 3
44 68 1
2 25 9
7 30 1
25 57 1
34 11 1
58 51 1
30 36 1
45 44 1
68 19 4
0 60 8
59 54 3
41 67 5
63 67 1
2 42 5
46 1 8
40 6 9
1 64 4
58 17 1
44 2 7
45 65 1
52 18 2
63 58 1
53 12 2
48 59 1
21 22 1
60 8 1
49 66 1
62 35 6
5 21 1
19 50 5
20 62 1
38 53 1
16 39 1
61 21 1
11 38 1
18 6 5
54 51 6
12 43 8
55 35 1
63 16 6
48 65 1
31 57 1
34 50 1
9 41 9
53 0 5
12 10 9
29 63 1
62 21 1
29 27 8
30 60 1
14 66 3
50 37 1
66 43 7
4 36 8
15 67 3
26 56 1
37 2 1
6 30 6
38 45 1
50 17 1
50 29 1
50 54 1
8 41 1
59 58 4
42 10 1
1 28 1
62 32 1
36 26 6
45 66 7
25 11 1
6 21 3
4 59 6
2 16 1
21 38 1
24 33 1
55 44 4
8 2 1
54 39 1
21 25 4
28 6 1
1 11 1
52 45 1
5 34 1
64 62 1
21 22 1
62 25 1
66 31 1
53 6 1
23 10 1
30 36 1
56 45 1
36 37 1
55 42 3
25 28 1
52 49 5
54 41 7
7 63 1
2 59 10
59 38 1
60 9 1
27 39 6
26 61 1
43 35 1
69 29 1
68 64 1
49 31 3
28 29 7
57 34 1
41 44 1
55 60 1
20 55 3
61 10 1
28 22 3
40 11 1
37 9 7
5 56 9
26 67 1
27 34 8
69 40 1
28 45 2
63 9 4
57 38 10
25 34 5
50 41 8
16 13 5
18 24 1
10 38 1
55 60 1
22 49 5
12 36 1
46 39 1
50 60 1
9 39 3
6 19 1
47 69 10
11 19 10
64 32 7
36 68 9
9 45 9
42 30 1
10 46 1
22 51 7
32 64 1
53 11 1
67 45 1
18 26 4
21 5 1
20 5 1
2 21 1
30 2 1
24 12 1
21 24 1
42 20 3
68 29 1
50 6 10
50 31 1
45 26 7
26 29 9
17 68 9
66 31 3
32 50 1
28 24 6
69 37 3
26 23 1
50 45 1
6 27 1
34 0 1
36 49 1
24 53 7
23 54 1
40 25 8
67 32 1
0 14 1
32 22 1
0 47 7
45 31 8
26 27 1
67 55 1
9 62 1
13 66 1
55 9 1
31 61 4
58 3 1
2 38 1
17 64 1
42 9 1
49 65 1
21 4 1
14 13 1
60 27 1
34 19 1
68 57 1
20 45 7
47 53 2
47 4 1
63 19 8
16 69 1
45 61 1
16 22 4
20 33 1
48 46 9
27 32 7
65 25 4
40 43 4
51 43 1
6 65 1
30 49 5
36 7 1
55 42 1
66 44 1
33 40 1
64 3 1
42 18 1
44 52 1
7 53 2
25 68 1
50 46 4
9 59 7
57 28 5
27 36 9
11 32 10
69 54 1
9 66 1
11 49 1
47 67 1
69 26 1
44 55 1
3 21 4
19 9 3
14 32 1
68 28 1
62 7 8
9 16 4
56 45 1
27 58 1
58 33 1
54 24 4
2 49 1
33 47 1
19 53 3
27 13 1
40 47 1
14 40 7
36 10 1
17 35 1
10 12 1
0 69 1
57 20 1
1 30 8
26 60 3
50 25 1
67 42 1
26 59 1
10 38 1
27 51 1
69 22 1
2 28 1
27 62 1
19 69 10
58 10 1
51 34 10
60 17 1
16 54 1
1 44 5
1 46 1
3 16 6
64 17 1
55 62 6
5 68 1
12 35 1
63 27 4
12 51 8
8 10 2
19 65 6
67 29 1
65 61 4
54 17 1
27 46 1
2 17 6
3 34 1
43 59 1
34 25 1
41 54 1
33 26 1
10 5 7
31 8 1
34 66 1
41 53 3
51 52 4
67 45 1
63 60 1
41 16 10
44 25 5
49 2 1
46 38 1
38 46 1
15 64 2
3 64 2
58 42 1
15 63 4
21 9 1
28 15 5
64 44 1
47 43 1
34 20 1
39 8 1
38 2 1
15 68 1
43 57 1
67 66 1
56 22 3
64 32 7
25 60 1
24 57 1
42 15 1
14 23 5
63 17 1
3 34 1
48 46 5
58 12 1
56 19 1
4 7 1
56 63 1
28 25 1
8 57 1
32 19 1
40 39 1
15 49 8
18 21 1
28 39 1
7 22 4
52 28 3
34 43 5
8 3 1
48 23 1
28 51 1
2 9 9
61 8 5
69 24 10
22 13 2
15 56 1
33 62 4
57 30 1
53 5 1
26 44 1
45 21 1
26 55 10
27 29 1
30 60 1
34 0 7
29 68 8
28 43 3
55 33 1
32 58 3
68 67 8
8 42 7
66 46 1
63 10 8
49 20 1
5 61 1
33 59 1
13 35 1
65 39 1
23 65 1
0 1 1
15 20 5
0 32 1
20 57 1
39 2 1
2 7 1
49 57 1
11 2 10
8 60 1
3 68 10
58 27 10
50 14 1
27 54 1
67 21 1
30 57 1
57 55 1
33 31 1
39 60 1
68 36 7
55 49 1
34 66 1
33 15 5
14 7 1
64 62 6
40 51 1
69 13 1
65 13 1
29 50 1
24 9 1
8 4 1
20 22 1
66 42 1
31 61 1
9 44 1
45 42 1
46 7 1
49 30 1
39 37 7
21 30 5
63 46 2
40 19 6
18 63 2
43 19 7
40 28 5
50 66 1
18 29 7
15 5 8
3 32 1
56 47 1
23 17 1
69 1 5
56 30 1
10 15 4
55 13 1
32 23 7
12 13 9
9 20 9
54 39 6
17 15 2
43 30 1
33 9 1
56 57 6
59 43 1
19 34 1
62 25 1
12 2 8
58 53 1
5 65 1
37 24 2
58 57 1
61 32 1
24 66 1
45 15 1
25 58 6
6 46 2
20 2 4
26 22 1
59 38 2
5 13 1
25 19 8
4 56 1
3 50 1
65 64 1
55 65 1
63 41 10
43 22 6
32 41 8
26 39 10
67 48 1
50 45 5
23 43 1
63 8 1
28 39 1
64 8 1
22 26 1
69 8 10
20 2 3
29 22 1
58 29 7
8 37 1
19 53 1
58 46 1
36 67 1
12 60 4
47 44 1
64 44 1
68 24 3
60 41 1
21 43 1
19 13 1
62 25 1
3 34 6
60 38 1
49 24 4
57 60 1
2 40 1
21 40 1
6 58 1
26 37 6
48 66 1
48 47 1
50 6 1
34 63 1
49 64 4
36 46 1
1 12 1
68 52 1
10 35 1
6 49 8
2 7 1
52 1 10
66 39 1
37 59 1
1 8 8
43 5 1
46 22 8
68 12 1
19 8 3
33 29 5
26 17 1
48 66 4
47 17 1
36 16 1
49 18 1
4 41 1
52 24 5
30 16 1
6 49 1
9 6 1
2 53 3
27 47 1
6 3 1
54 69 1
15 5 8
30 47 1
14 35 1
46 26 5
50 34 3
5 61 1
47 18 1
9 44 10
10 62 1
56 42 1
68 26 1
48 11 1
46 19 1
67 22 1
35 12 1
44 25 1
15 37 1
69 43 9
12 35 1
48 61 1
10 41 7
15 39 1
1 47 3
55 2 1
59 68 3
66 1 10
10 19 3
43 42 1
69 4 1
15 2 1
55 25 3
16 36 1
60 59 1
60 58 1
36 38 1
33 59 1
24 55 8
23 46 1
18 37 1
27 26 1
58 63 1
5 20 1
49 60 4
10 29 1
25 61 1
4 39 1
66 25 3
27 60 1
55 36 1
30 40 1
58 28 1
6 7 1
17 46 1
53 37 5
61 15 1
69 0 8
42 9 1
37 60 1
15 42 1
6 8 1
56 53 1
65 59 1
64 0 1
22 12 9
64 15 3
22 47 1
50 42 1
30 32 1
5 37 1
42 5 6
12 45 6
61 40 4
69 19 1
10 43 3
36 12 9
33 1 1
42 6 10
65 22 1
7 44 2
65 45 1
22 4 1
39 50 3
62 8 2
14 30 1
63 48 8
60 23 2
36 26 6
53 65 1
54 44 8
62 27 1
23 68 1
24 25 1
57 16 1
68 60 7
21 40 4
48 63 1
20 67 1
41 13 1
6 66 1
20 57 2
21 59 1
66 51 1
6 25 6
5 48 10
22 9 1
21 20 6
39 61 1
54 28 5
66 58 1
40 24 10
51 52 4
44 56 6
39 43 7
53 20 8
2 29 4
1 60 1
62 45 1
43 2 10
26 66 1
36 66 1
37 47 1
15 10 1
45 28 1
57 62 1
59 54 2
0 62 1
42 47 1
36 64 1
26 59 1
12 20 1
33 55 5
2 42 1
41 67 1
62 23 1
27 49 1
47 64 8
27 8 1
33 34 1
36 16 5
61 21 4
35 45 1
25 51 1
24 39 1
48 47 1
3 50 7
37 49 1
8 29 1
59 22 1
42 11 7
34 38 1
38 32 1
66 21 1
29 65 1
9 47 1
13 65 1
14 16 1
25 38 1
18 57 10
43 42 4
41 30 1
51 43 1
54 10 1
60 4 7
50 28 5
14 50 1
31 27 8
21 29 1
49 39 1
53 38 4
49 26 1
49 25 1
56 49 1
40 23 1
69 34 1
65 20 1
1 11 1
48 15 7
53 35 3
33 34 1
55 34 9
66 39 1
8 29 1
26 5 1
62 63 1
6 16 3
12 47 4
28 18 1
35 43 8
16 62 1
56 17 7
8 69 1
25 33 1
25 35 1
2 0 1
35 69 1
27 16 1
57 15 1
41 31 1
37 19 1
18 26 1
28 45 1
36 63 1
39 66 1
67 52 7
35 30 9
41 7 5
48 15 10
63 10 1
27 41 1
18 44 1
13 52 1
13 66 4
48 45 1
26 46 9
58 8 1
24 48 3
63 41 1
34 57 4
8 47 10
25 50 8
5 22 2
37 55 5
27 68 1
27 4 3
8 60 1
0 26 10
61 45 1
60 31 1
42 63 4
39 56 8
38 41 1
43 55 1
5 36 8
63 60 5
65 66 10
59 39 1
47 29 10
32 24 1
61 14 1
58 24 8
35 6 8
60 68 1
6 17 8
61 16 1
26 12 1
55 42 10
30 25 1
65 37 5
43 58 1
22 57 5
1 36 5
40 60 1
31 25 1
42 43 6
47 34 1
17 38 1
61 69 1
13 12 1
22 20 1
11 62 1
38 55 1
19 29 1
7 52 1
51 13 1
29 54 1
16 48 1
17 54 2
48 40 1
4 35 1
45 67 1
13 58 1
61 21 1
31 40 1
50 68 7
7 25 1
39 67 1
37 61 6
45 35 1
47 38 1
69 50 4
37 34 5
16 6 3
46 40 1
0 48 1
50 32 1
59 68 2
64 47 1
18 1 1
67 29 1
19 65 4
47 26 6
63 1 2
34 29 8
35 12 9
43 59 1
3 29 2
6 9 1
64 0 1
68 18 1
40 44 1
18 3 9
5 68 3
27 59 10
55 25 10
36 19 1
24 40 1
44 65 7
44 46 4
21 66 1
25 11 4
10 50 4
1 37 1
23 61 2
49 38 1
22 28 10
20 32 3
63 5 6
55 28 1
19 17 1
32 39 1
46 47 1
64 9 4
51 30 6
23 65 2
10 20 7
12 68 7
3 4 7
3 10 1
46 62 5
47 13 1
37 23 9
12 57 1
20 32 1
27 56 1
58 14 4
6 18 4
26 16 1
51 0 1
58 0 1
8 39 1
10 32 4
10 8 1
50 63 1
4 12 7
28 40 9
59 60 4
52 59 1
32 36 1
1 50 1
30 49 1
10 62 1
53 34 1
14 68 1
8 28 10
25 31 6
19 67 1
4 64 7
69 43 1
32 28 3
62 9 1
3 38 9
58 41 3
65 0 1
6 62 2
56 37 4
29 55 1
43 36 1
4 27 4
46 62 5
46 26 2
20 39 1
20 42 1
1 58 1
43 29 1
5 25 1
53 28 1
63 14 1
14 44 10
28 65 10
59 12 1
40 38 1
56 33 1
48 30 1
0 51 9
6 15 1
8 43 5
52 29 1
55 61 4
65 12 2
49 4 1
38 41 2
5 7 1
23 58 1
30 69 1
9 40 1
0 54 1
52 55 5
30 36 1
67 35 1
28 35 7
49 43 4
29 0 3
58 64 8
36 10 1
16 65 5
35 27 3
66 32 1
29 44 7
62 44 8
0 6 7
36 10 4
48 21 1
42 3 1
45 55 8
20 45 1
33 46 1
22 52 2
6 55 1
60 63 5
22 6 1
13 28 1
38 66 1
2 56 1
53 6 1
65 27 1
17 26 3
62 11 4
7 15 3
29 41 8
48 30 1
58 32 1
51 33 1
55 56 1
2 29 2
59 28 1
49 52 1
3 47 1
8 44 1
9 16 1
23 56 1
0 23 1
65 3 6
31 35 2
59 24 3
65 43 6
19 3 1
34 39 1
4 3 1
37 40 1
67 50 9
5 16 2
9 7 1
18 43 1
12 1 1
53 54 1
61 45 1
13 41 1
6 59 1
2 40 1
53 2 1
60 62 1
34 69 1
45 64 1
63 48 1
21 44 1
0 31 1
62 23 1
5 62 1
16 50 1
67 42 8
11 57 9
29 15 1
19 58 9
54 35 8
61 53 6
8 60 7
2 28 1
10 43 1
5 17 5
63 64 1
50 41 1
22 0 1
68 6 4
27 66 3
15 35 1
65 16 1
13 50 1
67 42 1
12 22 1
60 38 1
56 26 1
36 35 5
15 35 6
19 51 7
58 3 1
67 37 8
46 2 1
45 40 3
60 33 1
59 23 9
36 1 1
64 24 1
6 68 1
24 2 6
52 0 9
50 20 5
48 22 1
53 35 1
52 51 10
8 3 1
58 5 7
57 58 1
67 45 1
39 58 3
67 56 1
33 39 8
65 19 1
29 43 1
33 15 1
0 38 1
11 55 6
15 62 1
17 26 1
53 4 1
15 9 1
68 32 1
6 12 1
39 6 1
37 62 1
5 17 1
63 60 1
39 38 1
57 36 1
62 50 1
31 11 9
41 4 1
17 3 1
51 9 7
33 25 10
28 41 9
58 0 1
21 22 1
60 14 1
39 29 1
60 69 1
24 2 2
31 44 1
1 20 1
11 46 1
21 69 9
1 38 1
42 9 1
37 9 1
45 58 1
63 50 7
39 37 9
17 19 9
4 43 1
1 26 1
7 43 1
2 61 1
49 38 6
68 50 1
47 67 9
28 32 1
15 2 1
27 55 1
8 31 4
54 67 10
32 62 1
63 14 1
40 61 6
30 19 1
62 9 1
67 16 1
7 43 1
44 64 7
34 12 1
11 52 1
65 69 1
16 18 1
3 0 1
23 45 1
15 35 1
39 44 1
27 36 6
48 42 6
4 27 5
30 59 4
58 15 1
15 37 1
29 59 1
34 17 4
53 47 1
26 6 9
45 1 5
57 34 2
25 16 7
66 61 1
51 54 1
45 49 1
23 56 1
27 22 1
29 67 1
66 59 1
10 8 1
6 37 1
48 67 1
21 44 1
28 62 1
63 50 1
62 1 1
5 42 7
20 43 4
50 43 1
44 15 1
1 47 5
1 37 1
20 45 1
59 35 1
13 41 1
54 35 6
1 46 1
4 38 1
57 64 1
42 65 4
62 12 1
3 35 1
60 9 1
18 61 1
5 37 2
9 13 1
19 54 7
5 45 1
4 14 4
6 11 9
39 58 1
12 55 10
3 19 1
7 1 1
41 36 5
24 63 1
18 46 1
33 28 4
15 32 6
50 68 1
60 6 8
21 16 6
36 22 1
48 1 1
11 23 1
31 69 1
15 49 5
19 36 1
32 68 1
22 9 9
59 40 8
46 58 3
20 29 1
14 37 1
28 35 10
64 40 1
10 54 1
65 6 3
41 16 1
56 20 1
54 10 1
19 5 1
28 45 1
40 4 1
13 50 1
52 8 7
40 44 10
14 63 5
14 32 1
37 9 1
23 34 3
29 50 1
34 2 1
26 11 3
8 34 7
11 49 1
1 9 1
0 21 8
67 6 1
22 12 10
55 27 1
24 66 1
19 0 1
1 24 1
67 9 10
9 36 4
42 21 4
18 25 1
52 57 4
36 68 1
41 67 1
2 60 1
43 49 1
29 14 9
57 56 1
39 60 5
11 1 1
33 8 1
48 47 1
48 23 1
47 31 1
44 25 1
29 66 1
50 41 6
4 44 1
43 62 1
8 64 1
59 64 6
0 4 1
26 47 2
39 19 1
31 3 1
48 66 7
43 54 4
54 60 1
62 19 1
21 14 8
26 44 1
29 55 10
10 62 1
11 8 1
37 69 1
29 18 1
65 7 1
52 0 10
0 38 1
17 37 1
24 7 1
3 35 1
55 39 1
3 0 1
58 50 1
46 64 5
30 0 8
11 46 1
14 42 4
52 61 6
10 12 2
7 20 1
58 55 5
27 38 1
1 64 1
43 11 1
14 34 1
3 64 10
58 12 1
24 63 1
30 68 1
30 43 1
28 24 3
31 26 10
23 14 1
21 4 1
35 8 1
68 55 9
60 17 1
6 41 1
8 64 3
40 57 1
63 36 2
25 11 1
62 13 2
21 62 1
48 38 1
37 53 6
32 22 1
10 8 10
3 48 1
24 57 1
54 7 9
36 7 1
42 65 1
54 29 4
30 63 1
5 67 1
53 64 1
59 10 2
28 56 1
3 46 1
40 69 1
9 50 10
52 21 1
30 64 1
53 22 10
34 4 1
68 62 4
13 42 1
67 65 1
43 61 1
55 20 1
30 60 5
10 52 10
5 13 1
8 31 1
28 30 1
26 8 6
39 51 1
5 14 3
20 40 1
63 36 1
19 50 1
64 45 7
12 43 1
51 68 1
64 50 1
17 26 1
10 56 7
5 8 1
43 38 5
7 55 1
50 14 1
43 26 10
31 30 6
53 3 2
40 33 6
1 66 1
16 3 1
17 27 1
68 39 1
24 59 4
4 2 1
22 40 1
26 0 8
9 42 7
41 12 10
36 4 5
30 7 1
47 50 1
60 5 7
22 60 8
5 36 1
56 12 1
4 15 1
65 51 1
56 15 1
8 62 1
38 35 1
69 7 1
25 14 4
23 27 1
6 30 1
56 5 1
20 37 1
45 29 9
25 31 3
32 67 2
21 9 1
51 44 6
20 21 1
62 31 1
57 63 1
9 40 6
40 29 1
2 23 1
38 32 1
13 2 1
40 11 1
58 30 1
18 52 1
19 13 1
29 22 1
25 19 1
57 51 1
61 40 1
15 45 7
42 39 4
41 30 1
8 44 1
25 24 1
35 4 6
5 2 1
64 24 5
50 54 1
6 66 1
31 32 5
50 21 1
43 28 1
55 39 5
24 28 2
28 48 1
16 25 1
3 18 5
33 37 1
67 41 6
19 53 9
34 17 1
41 31 1
31 34 1
62 50 1
11 65 1
39 3 1
25 9 1
27 20 1
49 52 1
69 50 1
14 57 6
46 30 1
51 4 1
45 17 1
13 23 10
10 21 1
51 9 1
15 3 1
28 46 1
7 56 10
18 34 1
32 5 1
24 36 1
49 23 1
14 41 1
18 56 1
62 44 1
43 62 1
17 40 1
56 31 1
59 31 1
39 35 1
26 58 9
21 39 1
21 20 1
34 65 1
48 49 10
42 54 1
26 42 1
64 22 1
12 35 1
24 43 8
8 1 1
29 67 1
35 15 1
32 41 1
29 62 9
66 15 8
24 56 9
60 67 10
31 35 1
34 19 1
24 41 1
28 49 4
44 54 1
27 38 1
6 40 1
36 12 8
55 48 1
28 54 5
28 56 9
10 54 3
19 37 9
43 2 9
46 51 1
46 29 1
5 37 1
19 60 1
51 19 1
32 16 1
6 68 1
9 14 1
29 59 1
56 0 1
52 36 1
42 65 1
15 30 1
11 66 1
24 35 1
32 26 1
2 35 1
20 63 1
45 55 10
30 12 1
26 1 2
9 23 7
22 15 1
22 40 1
55 8 3
7 3 8
46 22 1
8 53 7
42 28 1
29 68 4
69 53 1
45 36 4
36 63 6
41 5 1
21 38 1
66 54 1
39 24 1
16 57 10
34 50 7
27 66 1
69 40 1
2 27 1
39 64 1
60 68 1
36 0 1
43 13 6
65 2 1
33 58 1
65 67 9
69 56 1
52 65 1
51 32 1
38 67 1
20 24 1
23 58 3
56 41 1
48 51 1
2 6 3
4 66 7
38 26 1
38 46 1
69 43 2
51 44 1
10 47 2
27 32 1
7 63 3
31 52 1
37 31 1
0 66 4
49 42 1
8 55 1
35 57 4
47 63 3
17 68 1
3 61 1
49 19 5
6 57 1
22 29 1
25 10 9
31 63 1
48 5 6
54 57 1
58 26 3
37 26 1
56 12 1
52 34 1
15 25 1
16 69 6
54 10 1
69 57 1
42 0 1
26 18 1
52 20 6
29 27 1
36 42 2
31 64 1
31 32 1
47 2 7
9 16 1
55 25 1
49 57 1
3 10 1
2 54 1
7 46 1
60 40 1
48 7 1
25 0 1
24 11 1
68 52 1
53 0 1
25 23 2
29 43 5
31 52 1
27 15 6
45 69 9
28 54 1
58 24 1
15 11 1
61 3 8
68 30 1
53 12 1
17 27 1
43 44 1
60 1 10
55 1 1
55 56 1
2 14 1
46 41 1
10 5 1
22 6 7
20 55 1
62 31 9
43 34 8
47 59 1
66 17 1
45 40 1
1 30 1
20 10 1
30 23 1
23 29 7
43 3 1
44 51 6
1 50 1
39 65 1
60 59 10
52 4 8
46 58 9
22 67 1
21 4 1
69 65 1
52 15 7
14 60 1
49 2 1
0 3 1
67 8 3
41 1 1
54 57 1
47 28 1
64 50 9
10 58 1
60 40 1
61 39 1
50 18 2
52 57 2
47 9 1
27 62 1
48 66 5
35 54 1
21 14 1
48 63 1
37 13 8
57 66 8
7 33 1
40 50 1
6 32 1
59 24 1
67 46 1
25 5 1
1 47 1
45 64 1
34 61 2
36 43 8
31 18 1
28 20 10
58 59 1
49 64 3
16 67 1
14 34 1
12 45 1
6 20 1
27 21 1
57 34 1
46 63 1
64 15 1
36 13 4
67 5 1
46 57 7
33 13 1
23 21 1
42 0 1
8 13 7
7 1 1
6 14 1
26 21 1
51 23 3
11 29 1
68 40 1
66 65 1
56 16 8
44 32 6
45 67 2
60 7 1
44 65 1
31 41 1
53 26 1
27 68 1
47 19 4
33 64 1
10 61 1
32 31 3
20 60 1
14 68 1
25 30 3
57 47 7
55 66 10
8 44 1
24 65 5
39 55 9
60 62 1
25 4 1
21 13 1
66 22 1
62 56 3
38 1 4
33 28 2
30 3 1
25 0 1
36 4 1
62 56 1
30 57 1
10 1 1
14 26 1
27 40 1
11 65 1
5 42 1
48 29 1
20 63 9
10 52 4
20 15 8
24 51 1
24 19 5
51 7 1
15 59 1
28 30 1
47 59 1
9 61 9
12 39 1
64 42 1
6 14 4
13 22 1
47 64 1
49 53 1
42 37 8
4 13 1
48 63 3
26 53 1
40 34 1
20 9 1
63 55 6
24 41 1
29 43 7
17 67 1
17 61 1
47 4 1
3 15 1
54 9 1
36 6 1
47 54 1
12 52 1
26 49 2
9 59 1
40 45 2
26 64 2
6 29 1
69 13 1
8 7 1
51 40 1
15 52 9
46 10 8
60 68 1
28 47 1
63 2 6
45 54 7
49 64 1
40 57 1
52 32 1
55 47 1
22 42 6
52 65 10
27 7 1
67 48 10
60 2 1
63 68 1
6 67 1
41 39 1
58 43 1
23 61 1
60 7 5
31 13 10
13 50 10
2 35 1
0 17 1
47 20 5
1 11 8
10 38 1
9 33 1
28 64 1
55 28 2
49 28 1
13 16 2
42 65 7
65 56 1
60 29 6
6 45 1
28 9 6
45 57 1
55 33 7
34 52 10
58 48 7
36 15 1
18 63 4
46 5 9
15 10 1
1 62 8
29 36 1
34 69 1
9 16 1
21 3 2
25 33 1
33 2 1
30 55 1
36 56 5
9 36 1
28 1 2
25 50 1
66 0 1
58 49 1
46 22 5
10 3 9
55 32 1
2 1 4
7 23 1
58 26 1
58 9 1
19 54 7
59 38 7
16 67 1
15 18 4
41 42 1
29 56 1
50 49 1
43 14 4
3 53 2
7 19 1
33 65 7
49 60 1
21 13 4
22 59 1
3 37 1
9 62 1
7 27 5
39 44 1
9 3 5
60 30 1
27 29 1
26 59 8
29 67 1
7 66 1
65 7 1
25 13 1
31 37 1
30 38 10
61 7 8
60 57 7
30 21 1
37 12 1
9 62 1
15 14 1
3 31 3
38 12 4
37 32 1
34 59 1
31 59 1
4 11 5
38 67 1
56 69 2
42 44 6
63 50 1
35 1 4
57 61 9
0 54 1
43 34 1
12 64 1
56 23 1
64 15 4
29 12 1
31 19 4
17 21 1
13 57 1
9 60 9
61 5 1
64 17 1
65 4 1
55 11 1
58 66 1
15 56 7
9 61 1
67 58 1
27 34 1
61 44 4
18 44 1
34 3 1
12 41 1
47 32 1
5 24 1
56 20 3
11 41 1
3 18 1
10 66 1
49 43 1
6 33 1
32 14 1
41 29 6
26 39 6
38 57 7
14 58 1
42 69 1
29 6 10
42 65 1
50 40 1
18 62 5
11 31 3
53 62 1
20 58 1
50 30 1
33 26 2
42 19 1
3 7 4
55 10 1
12 24 1
52 15 2
62 48 6
43 15 1
55 4 1
63 69 9
2 63 1
12 54 1
38 15 1
18 28 1
69 11 1
68 52 1
22 12 6
34 3 1
24 38 1
26 46 1
11 57 1
39 24 4
48 45 1
19 44 5
14 55 1
34 61 9
39 9 1
19 41 1
35 15 8
61 47 1
11 67 1
55 15 1
6 47 1
4 18 1
18 45 1
55 45 1
18 39 1
20 61 1
69 11 1
14 47 10
22 63 1
26 0 1
9 5 1
29 22 1
4 28 1
13 66 3
57 9 3
30 61 1
8 60 7
26 3 1
43 40 1
66 28 1
63 68 1
28 59 9
46 30 1
43 10 1
35 10 7
23 63 2
49 59 9
23 42 1
44 45 1
12 8 1
33 61 1
56 54 1
40 50 1
28 20 1
30 1 2
1 19 1
60 36 2
31 21 5
27 58 3
25 53 1
34 64 1
34 27 3
8 52 1
60 44 1
53 43 1
31 59 10
17 53 1
43 63 1
56 65 1
0 1 1
58 30 1
23 2 1
34 32 1
20 8 7
66 35 1
4 59 1
62 68 1
51 68 1
25 29 3
42 0 6
25 23 1
37 40 6
42 60 1
8 59 6
51 25 1
42 63 1
12 69 5
37 32 1
50 15 7
47 25 1
20 30 1
24 6 3
6 10 6
2 19 1
54 15 1
28 35 5
35 52 1
44 55 1
42 69 1
62 42 1
18 28 1
58 7 1
30 32 4
30 21 1
7 4 1
12 28 1
13 20 3
44 6 8
28 36 10
37 1 1
1 8 7
18 5 1
6 31 1
31 26 9
37 16 5
35 34 1
60 2 10
48 32 4
29 48 1
27 9 1
49 59 6
7 63 1
32 50 1
21 2 1
47 39 5
44 34 6
27 38 1
31 49 1
40 7 5
37 14 1
25 49 1
66 12 1
7 63 1
41 20 1
3 26 2
21 2 1
36 48 4
41 39 1
37 23 7
23 65 1
41 46 1
47 52 5
34 11 10
23 30 8
40 16 1
30 35 1
5 63 1
62 50 1
50 43 1
49 8 1
67 65 5
17 11 1
21 35 4
7 10 6
1 62 1
40 39 9
1 48 1
5 41 1
32 30 7
5 20 1
1 25 1
47 9 1
41 20 1
42 51 1
14 58 1
60 16 1
63 30 1
32 9 1
41 36 1
1 63 1
36 27 1
69 4 1
30 27 1
22 15 2
62 65 1
53 18 1
1 0 1
56 15 1
2 16 1
5 16 1
29 10 1
41 68 1
1 51 1
18 19 1
66 43 1
50 1 1
57 46 1
66 32 1
44 29 1
14 64 1
22 67 1
69 24 1
62 18 1
17 56 1
6 20 1
51 46 1
59 13 1
68 16 1
20 16 1
18 64 1
29 62 1
2 36 1
27 69 1
22 13 1
52 47 1
42 28 1
21 45 1
48 0 1
12 11 1
14 15 1
22 15 1
69 21 1
37 14 1
18 31 1
4 38 1
44 27 1
0 41 1
53 52 1
59 62 1
68 46 1
15 62 1
16 10 1
21 25 1
14 49 1
64 32 1
54 41 1
41 62 1
2 42 1
11 48 1
65 22 1
8 67 1
35 36 1
7 58 1
10 61 1
35 25 1
6 17 1
8 47 1
10 11 1
12 29 1
39 25 1
1 9 1
19 54 1
18 19 1
29 65 1
33 47 1
60 63 1
17 65 1
8 56 1
51 43 1
30 14 1
2 5 1
48 16 1
31 39 1
48 20 1
68 34 1
49 0 1
9 43 1
4 58 1
62 7 1
47 52 1
14 58 1
69 30 1
64 11 1
32 25 1
48 7 1
24 52 1
54 42 1
4 16 1
9 55 1
37 51 1
14 40 1
30 29 1
11 21 1
34 28 1
25 59 1
41 47 1
43 63 1
0 62 1
27 64 1
0 6 1
17 7 1
58 44 1
57 53 1
27 26 1
2 64 1
13 69 1
14 41 1
43 59 1
30 51 1
22 51 1
54 50 1
3 4 1
55 22 1
23 22 1
17 30 1
2 58 1
44 13 1
5 58 1
41 7 1
47 41 1
39 43 1
65 37 1
26 7 1
29 1 1
15 7 1
34 0 1
32 62 1
0 11 1
1 25 1
54 58 1
24 40 1
33 51 1
66 58 1
63 68 1
3 2 1
14 40 1
