70 138 1000 16000 80 10
1 0 8
2 1 7
3 2 6
4 3 2
5 4 3
6 4 4
7 5 3
8 6 7
9 7 6
10 7 6
11 9 9
12 10 3
13 10 6
14 11 3
15 13 6
16 12 3
17 14 3
18 15 6
19 16 7
20 17 7
21 18 7
22 18 9
23 19 9
24 20 8
25 20 5
26 22 4
27 23 3
28 22 6
29 25 3
30 25 2
31 24 3
32 27 7
33 27 6
34 27 9
35 29 6
36 31 7
37 32 3
38 31 8
39 31 5
40 32 4
41 36 8
42 35 2
43 34 8
44 37 2
45 36 9
46 37 5
47 38 5
48 42 6
49 43 7
50 40 8
51 44 3
52 45 9
53 42 5
54 46 4
55 45 8
56 47 9
57 46 6
58 51 8
59 52 5
60 48 9
61 54 2
62 52 8
63 50 3
64 52 7
65 55 7
66 56 3
67 57 6
68 54 4
69 56 4
1 0 5
2 1 9
3 2 4
4 3 8
5 3 2
6 5 4
7 6 5
8 6 9
9 7 8
10 8 8
11 9 7
12 10 3
13 10 4
14 11 9
15 13 9
16 14 6
17 15 7
18 14 3
19 16 5
20 17 4
21 18 9
22 17 5
23 20 2
24 19 7
25 21 4
26 21 5
27 23 9
28 24 9
29 23 9
30 25 2
31 27 2
32 26 9
33 26 7
34 30 8
35 29 7
36 29 8
37 32 5
38 33 9
39 32 9
40 35 9
41 34 7
42 36 3
43 36 9
44 37 8
45 38 7
46 41 3
47 38 5
48 39 3
49 42 3
50 42 7
51 43 2
52 43 9
53 44 7
54 47 5
55 45 9
56 49 2
57 50 4
58 47 5
59 49 7
60 53 8
61 54 4
62 53 3
63 51 9
64 56 4
65 58 2
66 56 6
67 60 4
68 60 4
69 57 9
22 30 43
51 34 1
54 32 80
23 26 1
45 3 1
14 48 1
10 30 64
29 60 1
8 1 1
67 57 1
54 5 63
50 17 1
50 15 1
42 32 1
42 23 59
64 11 1
24 50 57
33 64 63
29 16 1
21 10 1
22 26 1
68 9 1
51 53 40
65 36 71
46 64 1
58 40 1
12 39 1
30 55 1
30 61 1
21 7 73
40 49 1
18 30 1
41 17 61
28 59 49
19 60 1
20 52 1
45 46 1
40 32 1
8 64 1
58 53 35
44 39 1
4 29 1
15 61 1
3 5 3
15 2 1
23 15 3
64 55 49
13 47 78
19 56 16
3 31 21
38 7 1
33 1 58
3 59 54
9 32 36
0 33 1
36 3 1
26 13 1
0 11 30
47 18 1
32 9 25
57 41 25
54 30 1
61 46 1
7 59 13
40 15 22
9 6 13
68 45 1
52 18 49
47 20 1
59 8 44
37 60 62
37 16 1
54 42 67
27 52 46
13 22 1
61 16 26
0 17 56
66 10 1
28 50 51
62 17 1
55 12 42
0 59 1
51 14 1
12 16 1
65 7 1
46 33 1
19 15 66
14 35 1
10 4 1
0 16 1
11 37 29
46 57 1
12 58 1
15 16 1
26 69 1
2 16 62
43 49 1
55 6 1
11 46 48
41 25 53
6 12 1
7 35 59
64 10 1
23 2 45
51 60 9
3 60 1
20 60 6
10 6 1
32 54 1
11 46 36
65 56 13
31 27 1
36 60 5
5 42 1
1 5 1
64 17 1
52 47 1
4 27 2
22 69 34
7 60 1
22 15 1
37 36 64
4 49 72
32 35 28
34 45 1
29 17 1
7 67 1
34 37 1
69 27 48
11 14 1
22 59 1
17 62 1
64 16 1
68 41 1
47 6 1
33 61 1
40 64 1
10 7 1
52 32 45
45 16 1
62 63 18
12 46 41
53 49 1
37 40 1
40 48 1
3 14 1
26 1 1
65 32 1
38 51 1
26 20 1
58 17 1
8 5 56
32 33 1
27 50 1
15 32 1
4 27 1
48 25 33
46 11 1
34 27 1
8 6 1
28 69 30
12 55 1
25 62 1
39 52 1
32 13 1
49 61 47
38 49 24
28 59 1
58 53 1
4 7 1
56 53 1
48 62 65
23 20 9
54 67 61
19 46 6
69 25 1
68 51 1
44 10 1
34 28 1
15 50 3
61 27 4
1 22 75
33 44 79
65 63 21
0 29 1
17 26 1
47 45 1
9 7 1
4 2 64
15 22 1
16 15 50
22 3 1
66 22 1
48 5 1
48 21 1
40 18 56
56 41 29
13 57 43
39 21 1
37 10 1
41 37 1
8 21 20
65 38 1
41 27 1
64 51 11
41 29 1
30 13 1
40 28 1
69 1 6
1 37 27
42 15 1
57 28 12
54 31 1
64 62 1
22 34 1
44 35 1
36 35 66
14 45 1
4 47 1
17 46 36
61 50 53
44 61 43
58 48 1
1 26 3
23 36 1
31 16 1
54 24 1
47 48 72
57 45 1
57 36 54
15 9 1
62 3 1
37 63 57
66 28 18
44 57 1
46 16 1
60 36 1
41 30 1
52 60 11
25 28 1
7 25 1
49 45 1
56 25 24
5 4 1
15 58 1
26 9 1
67 36 1
20 28 24
47 8 1
41 13 1
38 5 26
32 58 1
9 28 20
33 19 1
19 4 1
28 44 1
61 18 34
9 23 65
56 1 1
21 52 1
60 52 1
42 33 76
65 38 39
45 41 22
45 64 1
59 26 1
59 25 1
67 56 60
62 23 1
25 53 20
56 21 1
53 22 20
5 19 78
14 62 12
28 5 1
8 27 1
64 31 6
12 58 59
0 51 1
60 33 11
60 47 56
23 53 1
7 63 1
57 13 19
33 21 1
37 45 11
17 37 1
9 61 9
21 13 66
15 58 1
57 31 1
44 14 36
43 58 1
67 9 1
34 1 13
22 39 1
52 42 52
18 17 60
51 62 1
29 32 1
22 16 1
63 52 1
16 59 1
52 12 59
50 54 1
32 1 1
68 56 1
33 14 80
43 18 1
58 7 19
28 29 1
61 24 76
23 64 53
61 22 1
53 56 1
0 50 44
10 43 12
53 21 1
47 48 1
24 33 1
67 18 1
37 64 1
28 64 1
67 35 1
48 54 1
50 2 1
28 38 49
61 44 1
2 42 49
39 46 41
43 69 1
54 49 1
22 32 1
48 9 74
33 27 39
30 10 1
46 30 1
59 37 74
30 32 1
57 19 47
29 14 32
60 41 65
29 16 1
4 35 1
12 29 1
34 29 1
69 64 1
54 25 1
46 51 1
33 14 26
24 67 3
42 21 1
15 14 1
50 58 34
59 60 25
51 11 72
1 63 53
9 43 1
29 21 1
33 43 1
41 44 44
61 62 30
18 36 20
28 46 1
63 16 1
41 52 57
53 13 13
61 2 1
6 48 33
26 64 13
50 64 1
41 56 1
38 54 1
49 11 68
12 25 1
1 20 1
4 27 1
11 56 1
4 61 58
35 44 52
7 63 1
48 44 46
10 68 16
15 56 46
68 7 1
58 41 1
46 55 12
55 14 1
66 15 1
67 68 1
44 25 1
54 59 65
14 32 1
56 11 1
25 52 1
40 59 39
13 24 1
48 40 1
57 3 1
54 59 29
35 27 24
28 50 1
2 18 5
47 60 17
8 26 1
30 34 1
7 46 1
48 2 1
40 1 22
32 22 1
51 15 1
10 21 9
66 56 1
22 16 11
30 45 44
16 17 1
51 56 1
52 21 1
41 17 60
38 19 33
47 49 15
45 42 1
43 24 1
60 25 1
39 32 1
31 38 1
32 43 8
49 15 63
6 21 1
44 0 1
54 16 7
65 25 1
37 60 13
51 21 1
59 10 1
14 22 1
41 57 18
40 1 1
5 40 1
48 20 1
20 51 58
62 3 1
49 47 10
49 37 73
54 10 1
61 37 2
15 4 1
21 50 1
13 63 7
43 24 20
49 21 1
46 9 1
24 43 1
41 69 1
59 21 1
50 65 57
64 31 1
0 8 42
23 33 14
6 2 1
55 6 53
35 44 1
46 15 1
43 67 1
68 26 1
59 22 12
20 33 1
44 51 5
51 17 35
24 55 1
28 59 1
34 58 52
63 42 1
49 55 51
20 48 1
33 68 1
31 20 1
59 36 21
12 23 1
65 30 77
10 26 1
60 54 1
3 5 1
26 57 1
16 66 1
28 16 1
54 24 72
69 1 9
42 64 1
45 33 1
43 42 53
47 68 64
6 25 1
19 55 56
52 11 44
19 39 1
58 45 67
7 59 1
65 67 12
28 56 1
50 47 1
33 59 1
38 15 1
65 64 1
59 42 27
50 62 1
5 19 1
8 40 1
0 4 21
53 46 53
46 5 1
36 21 1
7 17 1
60 11 48
17 4 1
15 56 1
48 17 19
30 34 1
9 53 37
11 23 56
28 7 1
65 68 76
14 16 1
14 10 28
61 15 75
3 51 1
9 25 77
5 6 68
16 5 76
32 42 1
14 37 1
37 4 14
4 1 1
55 32 63
53 31 1
46 33 45
65 60 1
50 63 1
40 41 1
4 1 74
53 5 1
22 2 64
60 54 1
0 29 62
59 21 1
5 47 1
12 26 36
29 18 1
8 17 1
19 26 1
47 30 49
58 26 1
40 33 1
18 5 60
36 42 1
51 21 1
36 13 1
13 57 15
44 26 63
32 54 11
10 35 46
54 39 1
28 14 54
48 65 1
32 68 1
53 35 27
57 43 1
60 2 1
51 5 1
10 50 1
12 19 1
65 0 1
61 40 70
8 59 1
66 59 1
9 0 42
62 67 1
15 3 20
16 1 1
16 30 79
10 20 1
9 59 35
32 63 1
60 31 1
39 23 32
58 66 59
59 64 1
65 33 1
67 66 1
9 61 68
65 32 78
19 46 1
9 30 43
33 69 1
29 66 1
66 64 1
14 63 1
38 37 54
56 60 1
1 68 59
49 8 1
20 7 1
51 38 45
13 61 1
44 31 1
61 19 41
67 62 11
13 30 46
26 21 9
29 7 33
64 12 41
49 3 1
6 20 1
47 15 1
47 64 1
32 40 49
9 12 1
51 41 1
45 53 22
27 16 1
61 49 32
19 9 1
64 63 1
2 57 1
12 30 23
56 45 1
63 11 1
18 31 77
61 59 1
5 47 68
16 43 1
38 63 20
29 52 1
6 9 52
49 19 80
40 47 1
19 38 1
3 55 1
38 12 41
17 33 1
13 7 53
54 68 76
51 60 1
64 28 1
28 9 49
65 46 1
47 26 1
9 39 1
56 3 1
18 4 1
9 19 1
50 64 39
13 35 1
22 58 63
34 60 1
52 67 26
4 51 57
46 19 57
54 65 75
6 27 1
56 6 34
48 6 1
37 40 1
28 39 12
11 46 53
0 29 1
20 34 16
39 69 9
63 46 26
65 17 29
5 43 31
36 58 1
60 13 76
14 17 1
37 39 30
23 16 1
16 65 1
8 17 72
63 6 76
39 2 1
29 30 50
60 17 1
41 33 1
66 44 1
46 59 1
58 29 1
57 29 1
19 16 68
22 36 46
68 30 1
43 7 66
19 33 41
17 33 78
48 1 72
8 1 64
2 54 1
22 59 1
56 49 5
17 35 1
21 53 34
47 12 1
13 36 11
57 63 1
2 57 17
18 20 1
38 69 1
56 54 1
5 37 20
63 12 1
19 43 44
16 11 52
59 33 1
24 27 1
8 6 1
49 20 1
17 57 1
68 44 19
25 54 1
9 51 1
23 20 40
9 48 1
67 27 1
28 22 1
59 52 1
27 69 1
16 43 1
27 1 19
32 30 1
15 67 1
13 39 4
28 64 1
6 63 1
66 5 64
9 1 1
51 0 1
55 45 42
41 40 1
15 68 54
21 64 79
30 22 1
4 5 1
45 32 1
18 10 5
29 34 1
64 29 1
43 66 78
55 10 17
53 59 1
49 9 1
32 14 1
58 51 36
38 36 45
54 69 1
18 58 46
57 38 1
57 62 1
33 24 1
31 8 36
60 4 1
37 47 73
65 48 18
56 9 56
57 3 1
58 37 1
43 49 1
18 22 1
35 51 16
69 27 1
64 32 1
34 49 1
65 19 37
48 43 1
64 43 1
14 51 54
23 49 14
35 54 2
46 61 1
41 36 1
55 5 1
50 62 11
21 61 1
28 59 1
56 50 1
12 20 1
44 35 1
50 54 1
46 50 1
58 33 1
51 40 1
52 68 74
51 44 1
18 67 1
52 1 1
7 24 71
49 66 1
9 23 1
23 55 1
30 55 5
30 15 13
34 53 1
23 58 22
16 17 1
3 57 1
69 5 51
6 10 62
28 37 35
33 65 1
10 45 1
12 47 1
2 52 19
39 66 61
37 32 1
1 37 51
15 56 22
63 50 42
31 29 9
40 6 1
6 68 1
17 4 1
42 69 46
41 7 1
2 36 15
43 16 1
36 62 62
56 1 1
18 3 1
48 19 70
52 10 1
8 34 1
8 55 1
47 36 1
63 41 26
58 47 1
59 38 1
28 52 1
60 46 76
1 65 1
50 0 34
29 52 1
10 20 6
18 22 15
36 48 1
20 7 1
30 16 1
8 49 1
56 30 61
42 25 1
9 20 43
66 26 1
8 51 11
31 8 1
14 52 1
58 0 1
63 19 1
4 0 12
37 52 61
49 63 1
20 50 1
59 48 34
69 18 70
1 55 48
51 44 57
40 15 1
6 8 1
33 3 28
56 14 4
52 0 57
49 69 1
23 55 1
31 47 1
31 17 16
66 38 1
48 14 47
9 36 35
17 62 1
5 57 71
67 33 1
27 4 1
22 59 1
62 27 19
47 46 1
50 60 1
52 42 74
14 10 67
69 12 41
67 22 1
56 10 1
4 12 60
21 6 1
40 33 1
36 14 59
10 67 1
61 51 1
3 7 1
32 40 12
21 7 1
11 54 56
69 50 1
12 13 1
48 42 39
7 36 1
17 62 15
14 19 1
44 23 70
68 62 35
35 2 1
55 12 40
0 48 39
47 18 1
33 18 12
9 24 1
28 34 1
15 36 1
66 27 1
49 63 63
61 12 3
21 41 48
56 39 1
55 5 69
57 10 1
38 45 20
8 6 1
6 10 1
34 47 1
18 0 1
25 18 1
11 68 59
25 65 3
69 37 1
64 38 38
16 3 31
65 66 1
68 34 27
22 33 4
54 43 1
11 14 38
31 42 1
39 64 1
23 66 1
47 22 1
25 50 1
17 54 1
51 15 29
16 26 1
33 58 4
11 2 1
38 25 10
69 59 1
18 47 1
45 5 1
34 18 1
39 35 1
37 4 1
29 45 1
0 55 4
6 47 1
19 42 1
48 25 1
48 67 1
66 58 1
43 4 1
66 59 1
10 19 1
21 23 1
63 13 1
7 15 1
59 15 1
8 48 1
68 32 1
1 37 1
34 54 1
58 5 1
38 36 1
15 3 1
0 30 1
30 16 1
5 18 1
12 18 1
19 41 1
41 7 1
12 68 3
13 57 1
37 68 1
61 54 1
5 6 1
47 12 1
31 56 1
13 36 1
33 23 1
37 48 1
59 52 4
65 11 1
49 7 1
10 27 1
38 49 1
29 32 1
0 34 1
24 49 1
62 10 1
3 15 11
